198	224	5.0
198	337	4.0
198	219	5.0
198	193	5.0
198	808	1.0
198	277	5.0
197	483	2.0
197	288	4.0
197	252	5.0
197	336	4.0
197	1349	1.0
197	184	5.0
197	512	2.0
197	861	1.0
197	638	2.0
197	277	5.0
197	1246	1.0
197	853	1.0
197	270	5.0
197	1126	1.0
197	250	5.0
197	249	5.0
197	441	3.0
197	342	4.0
197	437	3.0
197	144	5.0
197	337	4.0
197	1597	1.0
197	428	3.0
197	322	4.0
197	224	5.0
197	416	3.0
197	219	5.0
197	1187	1.0
197	700	2.0
197	302	4.0
197	105	5.0
197	391	3.0
196	1126	1.0
196	560	2.0
196	277	5.0
196	322	4.0
196	184	5.0
196	224	5.0
196	219	5.0
196	483	2.0
196	512	2.0
196	1008	1.0
196	302	4.0
196	670	2.0
196	861	1.0
196	249	5.0
196	342	4.0
196	1187	1.0
196	508	2.0
196	337	4.0
196	336	4.0
195	286	4.0
195	390	3.0
195	1372	1.0
195	2750	1.0
195	946	1.0
195	1168	1.0
195	1239	1.0
195	1759	1.0
195	1955	1.0
195	1757	1.0
195	1756	1.0
195	2346	1.0
195	2345	1.0
195	1371	1.0
195	2190	1.0
195	168	5.0
195	1346	1.0
195	358	3.0
195	355	3.0
195	810	1.0
195	739	2.0
195	1913	1.0
195	1321	1.0
195	335	4.0
195	531	2.0
195	924	1.0
195	521	2.0
195	715	2.0
195	514	2.0
195	513	2.0
195	1101	1.0
195	1690	1.0
195	1871	1.0
195	1870	1.0
195	2256	1.0
195	2448	1.0
195	4015	1.0
195	1254	1.0
195	1830	1.0
195	1829	1.0
195	1828	1.0
195	248	5.0
195	439	3.0
195	1610	1.0
195	617	2.0
195	2586	1.0
195	2585	1.0
195	2584	1.0
195	413	3.0
195	1791	1.0
195	1585	1.0
195	3356	1.0
195	3355	1.0
195	1186	1.0
194	526	2.0
194	560	2.0
194	2319	1.0
194	347	3.0
194	1956	1.0
194	2668	1.0
194	4004	1.0
194	1796	1.0
194	336	4.0
194	693	2.0
194	1072	1.0
194	510	2.0
194	2631	1.0
194	1939	1.0
194	3351	1.0
194	319	4.0
194	4008	1.0
194	670	2.0
194	3353	1.0
194	2367	1.0
194	2993	1.0
194	306	4.0
194	483	2.0
194	2450	1.0
194	2449	1.0
194	836	1.0
194	2981	1.0
194	2980	1.0
194	2261	1.0
194	2260	1.0
194	2259	1.0
194	1353	1.0
194	2060	1.0
194	627	2.0
194	4005	1.0
194	2593	1.0
194	264	5.0
194	2590	1.0
194	440	3.0
194	2587	1.0
194	437	3.0
194	4013	1.0
194	4012	1.0
194	4011	1.0
194	4010	1.0
194	4009	1.0
194	2755	1.0
194	4007	1.0
194	3349	1.0
194	2752	1.0
194	2751	1.0
194	4003	1.0
194	4002	1.0
194	4001	1.0
194	4000	1.0
194	3998	1.0
194	3997	1.0
194	3996	1.0
194	471	2.0
194	3992	1.0
194	3991	1.0
194	588	2.0
194	3988	1.0
194	3986	1.0
194	3985	1.0
194	2729	1.0
194	401	3.0
194	1651	1.0
194	2588	1.0
194	3994	1.0
194	2000	1.0
194	30	5.0
194	382	3.0
194	2350	1.0
194	1991	1.0
194	507	2.0
194	2166	1.0
194	2344	1.0
194	367	3.0
194	366	3.0
194	1438	1.0
194	1795	1.0
193	483	2.0
193	105	5.0
193	1061	1.0
193	187	5.0
193	1349	1.0
193	288	4.0
193	638	2.0
193	367	3.0
193	560	2.0
193	551	2.0
193	836	1.0
193	1126	1.0
193	543	2.0
193	250	5.0
193	249	5.0
193	441	3.0
193	440	3.0
193	342	4.0
193	437	3.0
193	144	5.0
193	337	4.0
193	428	3.0
193	1102	1.0
193	322	4.0
193	224	5.0
193	416	3.0
193	512	2.0
193	1187	1.0
193	700	2.0
193	1763	1.0
193	303	4.0
193	302	4.0
193	1464	1.0
193	366	3.0
192	184	5.0
192	277	5.0
192	224	5.0
192	367	3.0
192	366	3.0
192	249	5.0
192	364	3.0
192	270	5.0
192	440	3.0
192	483	2.0
192	512	2.0
192	302	4.0
192	252	5.0
192	342	4.0
192	105	5.0
192	428	3.0
192	144	5.0
190	2812	1.0
190	252	5.0
190	1061	1.0
190	187	5.0
190	1349	1.0
190	184	5.0
190	560	2.0
190	861	1.0
190	277	5.0
190	670	2.0
190	853	1.0
190	366	3.0
190	1246	1.0
190	1597	1.0
190	440	3.0
190	836	1.0
190	249	5.0
190	441	3.0
190	925	1.0
190	342	4.0
190	144	5.0
190	336	4.0
190	322	4.0
190	224	5.0
190	416	3.0
190	512	2.0
190	1187	1.0
190	1762	1.0
190	303	4.0
190	302	4.0
190	1464	1.0
190	105	5.0
190	1072	1.0
190	391	3.0
189	643	2.0
189	2322	1.0
189	3348	1.0
189	2979	1.0
189	2978	1.0
189	3984	1.0
189	3347	1.0
189	322	4.0
188	2614	1.0
188	767	2.0
188	1236	1.0
188	1266	1.0
188	1912	1.0
188	164	5.0
188	2976	1.0
188	2583	1.0
188	2582	1.0
188	2581	1.0
188	1028	1.0
188	3346	1.0
188	3345	1.0
188	3344	1.0
188	3343	1.0
188	2372	1.0
188	1104	1.0
188	34	5.0
188	130	5.0
188	129	5.0
188	2747	1.0
188	706	2.0
188	22	5.0
188	504	2.0
188	1462	1.0
188	3983	1.0
188	3982	1.0
188	3979	1.0
188	3978	1.0
187	288	4.0
187	270	5.0
187	1061	1.0
187	187	5.0
187	1349	1.0
187	184	5.0
187	277	5.0
187	1246	1.0
187	853	1.0
187	367	3.0
187	366	3.0
187	670	2.0
187	1126	1.0
187	543	2.0
187	638	2.0
187	441	3.0
187	440	3.0
187	342	4.0
187	437	3.0
187	337	4.0
187	1597	1.0
187	336	4.0
187	1102	1.0
187	322	4.0
187	224	5.0
187	252	5.0
187	416	3.0
187	219	5.0
187	700	2.0
187	1763	1.0
187	303	4.0
187	302	4.0
187	1072	1.0
187	391	3.0
185	105	5.0
185	270	5.0
185	441	3.0
185	391	3.0
185	1961	1.0
185	187	5.0
185	184	5.0
185	1566	1.0
185	366	3.0
185	1349	1.0
185	560	2.0
185	224	5.0
185	555	2.0
185	144	5.0
185	1324	1.0
185	337	4.0
185	336	4.0
185	925	1.0
185	1505	1.0
185	1700	1.0
185	219	5.0
185	1306	1.0
185	303	4.0
185	302	4.0
185	483	2.0
185	1072	1.0
185	670	2.0
185	1061	1.0
185	469	2.0
185	861	1.0
185	1249	1.0
185	1246	1.0
185	250	5.0
185	249	5.0
185	638	2.0
185	440	3.0
185	437	3.0
185	2003	1.0
185	1800	1.0
185	1797	1.0
185	416	3.0
185	1203	1.0
185	1187	1.0
184	2298	1.0
184	1072	1.0
184	424	3.0
184	1161	1.0
184	357	3.0
184	452	3.0
184	3976	1.0
184	2746	1.0
184	2975	1.0
184	951	1.0
184	2593	1.0
184	2451	1.0
184	3342	1.0
184	3341	1.0
184	3340	1.0
184	2821	1.0
183	1841	1.0
183	3974	1.0
183	660	2.0
183	377	3.0
183	763	2.0
183	955	1.0
183	1148	1.0
183	1727	1.0
183	2110	1.0
183	1426	1.0
183	2296	1.0
183	2974	1.0
183	1808	1.0
183	2874	1.0
183	923	1.0
183	1018	1.0
183	821	1.0
183	1014	1.0
183	1303	1.0
183	3339	1.0
183	1689	1.0
183	1688	1.0
183	230	5.0
183	323	4.0
183	1387	1.0
183	1483	1.0
183	1869	1.0
183	723	2.0
183	696	2.0
183	1665	1.0
183	2343	1.0
183	1755	1.0
183	1461	1.0
183	875	1.0
182	590	2.0
182	252	5.0
182	507	2.0
182	588	2.0
182	781	2.0
182	187	5.0
182	184	5.0
182	1958	1.0
182	565	2.0
182	367	3.0
182	347	3.0
182	736	2.0
182	144	5.0
182	337	4.0
182	528	2.0
182	526	2.0
182	520	2.0
182	1893	1.0
182	510	2.0
182	467	2.0
182	704	2.0
182	302	4.0
182	342	4.0
182	94	5.0
182	483	2.0
182	679	2.0
182	670	2.0
182	471	2.0
182	469	2.0
182	270	5.0
182	661	2.0
182	264	5.0
182	657	2.0
182	656	2.0
182	849	1.0
182	2025	1.0
182	249	5.0
182	836	1.0
182	441	3.0
182	437	3.0
182	428	3.0
182	224	5.0
182	401	3.0
180	195	5.0
180	1403	1.0
180	423	3.0
180	2745	1.0
180	1754	1.0
180	2972	1.0
180	236	5.0
178	105	5.0
178	337	4.0
178	560	2.0
178	1126	1.0
178	184	5.0
178	1666	1.0
178	1361	1.0
178	1777	1.0
178	2109	1.0
178	1353	1.0
178	1348	1.0
178	1737	1.0
178	1130	1.0
178	144	5.0
178	1915	1.0
178	1914	1.0
178	1125	1.0
178	336	4.0
178	1796	1.0
178	719	2.0
178	512	2.0
178	1692	1.0
178	1691	1.0
178	508	2.0
178	890	1.0
178	1667	1.0
178	2060	1.0
178	483	2.0
178	2253	1.0
178	2052	1.0
178	2440	1.0
178	270	5.0
178	2425	1.0
178	249	5.0
178	441	3.0
178	440	3.0
178	437	3.0
178	1322	1.0
178	2000	1.0
178	422	3.0
178	1993	1.0
178	1795	1.0
178	1991	1.0
178	2970	1.0
178	1587	1.0
178	1388	1.0
178	1974	1.0
178	1649	1.0
177	73	5.0
177	131	5.0
177	3973	1.0
177	215	5.0
177	429	3.0
177	1055	1.0
177	383	3.0
177	1042	1.0
177	1437	1.0
177	1436	1.0
177	76	5.0
177	461	2.0
177	1201	1.0
177	1582	1.0
177	255	5.0
177	156	5.0
177	2968	1.0
177	1124	1.0
177	2188	1.0
177	728	2.0
177	2342	1.0
177	1539	1.0
177	2757	1.0
177	328	4.0
177	423	3.0
177	904	1.0
177	1485	1.0
177	1386	1.0
177	2743	1.0
177	2252	1.0
177	1954	1.0
177	1563	1.0
177	489	2.0
177	278	5.0
177	99	5.0
177	98	5.0
176	984	1.0
176	780	2.0
176	875	1.0
176	1140	1.0
176	184	5.0
176	2741	1.0
176	2740	1.0
176	1159	1.0
176	2341	1.0
176	3338	1.0
176	1535	1.0
176	943	1.0
176	1724	1.0
176	532	2.0
176	2107	1.0
176	1513	1.0
176	2187	1.0
176	720	2.0
176	1888	1.0
176	1687	1.0
176	700	2.0
176	106	5.0
176	892	1.0
176	2663	1.0
176	1872	1.0
176	1275	1.0
176	288	4.0
176	1468	1.0
176	1663	1.0
176	1662	1.0
176	1464	1.0
176	868	1.0
176	270	5.0
176	655	2.0
176	452	3.0
176	252	5.0
176	249	5.0
176	834	1.0
176	2602	1.0
176	3972	1.0
176	3971	1.0
176	3970	1.0
176	620	2.0
176	224	5.0
176	219	5.0
176	1597	1.0
176	2384	1.0
176	2967	1.0
175	1460	1.0
175	1723	1.0
175	1308	1.0
175	1007	1.0
175	2340	1.0
175	839	1.0
175	1868	1.0
175	1430	1.0
175	3335	1.0
174	342	4.0
174	3969	1.0
174	441	3.0
174	184	5.0
174	277	5.0
174	1915	1.0
174	1914	1.0
174	1348	1.0
174	2589	1.0
174	1228	1.0
174	1717	1.0
174	544	2.0
174	252	5.0
174	249	5.0
174	1993	1.0
174	440	3.0
174	1894	1.0
174	1211	1.0
174	337	4.0
174	336	4.0
174	1008	1.0
174	3334	1.0
174	1587	1.0
174	422	3.0
174	1197	1.0
174	322	4.0
174	1388	1.0
174	2450	1.0
174	2738	1.0
174	700	2.0
174	2053	1.0
174	1566	1.0
174	302	4.0
172	606	2.0
172	428	3.0
172	860	1.0
172	434	3.0
172	424	3.0
172	422	3.0
172	2657	1.0
172	3332	1.0
172	849	1.0
172	2580	1.0
172	2579	1.0
172	2578	1.0
172	2576	1.0
172	3001	1.0
172	401	3.0
172	1750	1.0
172	1752	1.0
172	824	1.0
172	389	3.0
172	1249	1.0
172	382	3.0
172	1246	1.0
172	2106	1.0
172	61	5.0
172	2533	1.0
172	2965	1.0
172	2964	1.0
172	2963	1.0
172	2962	1.0
172	1661	1.0
172	2959	1.0
172	2958	1.0
172	2957	1.0
172	2956	1.0
172	2955	1.0
172	2954	1.0
172	2953	1.0
172	786	2.0
172	781	2.0
172	780	2.0
172	344	4.0
172	342	4.0
172	1205	1.0
172	337	4.0
172	336	4.0
172	2064	1.0
172	764	2.0
172	2494	1.0
172	322	4.0
172	2051	1.0
172	2050	1.0
172	1180	1.0
172	976	1.0
172	311	4.0
172	736	2.0
172	302	4.0
172	559	2.0
172	925	1.0
172	3330	1.0
172	3329	1.0
172	3326	1.0
172	1159	1.0
172	2455	1.0
172	288	4.0
172	719	2.0
172	2446	1.0
172	713	2.0
172	2443	1.0
172	710	2.0
172	2873	1.0
172	1138	1.0
172	704	2.0
172	270	5.0
172	2000	1.0
172	942	1.0
172	1130	1.0
172	1129	1.0
172	301	4.0
172	693	2.0
172	1990	1.0
172	688	2.0
172	685	2.0
172	249	5.0
172	679	2.0
172	677	2.0
172	2406	1.0
172	670	2.0
172	668	2.0
172	1528	1.0
172	661	2.0
172	1093	1.0
172	1956	1.0
172	656	2.0
172	654	2.0
172	1951	1.0
172	2381	1.0
172	1513	1.0
172	219	5.0
172	224	5.0
172	638	2.0
172	1496	1.0
172	627	2.0
172	193	5.0
172	622	2.0
172	1054	1.0
172	187	5.0
172	1484	1.0
172	184	5.0
172	615	2.0
172	1911	1.0
172	176	5.0
172	2338	1.0
172	2337	1.0
172	2336	1.0
172	261	5.0
172	347	3.0
172	1034	1.0
172	1033	1.0
172	588	2.0
172	277	5.0
172	585	2.0
172	813	1.0
172	1219	1.0
172	2736	1.0
172	2735	1.0
172	2734	1.0
172	2733	1.0
172	2732	1.0
172	565	2.0
172	2445	1.0
172	2017	1.0
172	560	2.0
172	992	1.0
172	550	2.0
172	544	2.0
172	543	2.0
172	542	2.0
172	252	5.0
172	105	5.0
172	530	2.0
172	94	5.0
172	1820	1.0
172	2251	1.0
172	2250	1.0
172	2249	1.0
172	947	1.0
172	509	2.0
172	508	2.0
172	507	2.0
172	938	1.0
172	3968	1.0
172	503	2.0
172	3966	1.0
172	3965	1.0
172	364	3.0
172	930	1.0
172	1795	1.0
172	494	2.0
172	492	2.0
172	1789	1.0
172	1353	1.0
172	807	1.0
172	1349	1.0
172	913	1.0
172	815	1.0
172	477	2.0
172	1772	1.0
172	471	2.0
172	469	2.0
172	467	2.0
172	466	2.0
172	898	1.0
172	462	2.0
172	2193	1.0
172	458	3.0
172	2186	1.0
172	2184	1.0
172	2183	1.0
172	844	1.0
172	877	1.0
172	859	1.0
172	437	3.0
172	435	3.0
172	2166	1.0
172	866	1.0
171	2036	1.0
171	673	2.0
171	441	3.0
171	1250	1.0
171	1926	1.0
171	1925	1.0
171	3961	1.0
171	3960	1.0
171	1023	1.0
171	13	5.0
171	745	2.0
171	2292	1.0
171	1125	1.0
171	2574	1.0
171	2572	1.0
171	2078	1.0
171	2728	1.0
171	58	5.0
171	3139	1.0
171	2951	1.0
171	2940	1.0
171	3324	1.0
171	3325	1.0
171	1772	1.0
171	3322	1.0
171	3319	1.0
171	37	5.0
171	3317	1.0
171	3316	1.0
171	3962	1.0
171	2729	1.0
171	594	2.0
171	2335	1.0
171	781	2.0
171	1359	1.0
170	1635	1.0
170	730	2.0
170	3959	1.0
170	1238	1.0
170	1230	1.0
170	742	2.0
170	1660	1.0
170	1804	1.0
170	1120	1.0
170	2573	1.0
170	922	1.0
170	2181	1.0
170	1210	1.0
170	2950	1.0
170	2949	1.0
170	2948	1.0
170	2947	1.0
170	3308	1.0
170	1482	1.0
170	802	1.0
170	797	2.0
170	3025	1.0
170	2442	1.0
170	2441	1.0
170	3313	1.0
170	3312	1.0
170	3311	1.0
170	3310	1.0
170	3309	1.0
170	2726	1.0
170	2334	1.0
170	1880	1.0
168	1080	1.0
168	2571	1.0
168	777	2.0
168	3305	1.0
168	3956	1.0
168	2725	1.0
168	2724	1.0
168	3306	1.0
168	2946	1.0
168	1771	1.0
167	3955	1.0
167	3954	1.0
167	249	5.0
167	2247	1.0
167	82	5.0
167	194	5.0
167	306	4.0
167	700	2.0
166	105	5.0
166	2756	1.0
166	3937	1.0
166	516	2.0
166	1652	1.0
166	955	1.0
166	1118	1.0
166	1351	1.0
166	1384	1.0
166	1783	1.0
166	768	2.0
166	176	5.0
166	961	1.0
166	1945	1.0
166	2720	1.0
166	169	5.0
166	1152	1.0
166	2333	1.0
166	3298	1.0
166	2723	1.0
166	2722	1.0
166	2721	1.0
166	750	2.0
166	945	1.0
166	3938	1.0
166	1925	1.0
166	3303	1.0
166	3301	1.0
166	344	4.0
166	2944	1.0
166	342	4.0
166	3294	1.0
166	3293	1.0
166	3292	1.0
166	1122	1.0
166	1989	1.0
166	2105	1.0
166	2570	1.0
166	330	4.0
166	2299	1.0
166	919	1.0
166	1706	1.0
166	714	2.0
166	122	5.0
166	312	4.0
166	2477	1.0
166	2081	1.0
166	896	1.0
166	696	2.0
166	890	1.0
166	1671	1.0
166	1866	1.0
166	1470	1.0
166	2449	1.0
166	870	1.0
166	277	5.0
166	76	5.0
166	1060	1.0
166	448	3.0
166	465	2.0
166	2035	1.0
166	1049	1.0
166	1046	1.0
166	1634	1.0
166	1040	1.0
166	1827	1.0
166	2416	1.0
166	1627	1.0
166	2216	1.0
166	637	2.0
166	1025	1.0
166	2205	1.0
166	1022	1.0
166	2198	1.0
166	424	3.0
166	29	5.0
166	1404	1.0
166	1795	1.0
166	21	5.0
166	1595	1.0
166	215	5.0
166	564	2.0
166	3952	1.0
166	3951	1.0
166	206	5.0
166	3946	1.0
166	3945	1.0
166	3944	1.0
166	3943	1.0
166	3942	1.0
166	3941	1.0
166	3940	1.0
163	94	5.0
163	471	2.0
163	382	3.0
163	670	2.0
163	1444	1.0
163	2025	1.0
163	1732	1.0
163	469	2.0
163	565	2.0
163	467	2.0
163	657	2.0
163	3933	1.0
163	264	5.0
163	535	2.0
163	836	1.0
163	252	5.0
163	736	2.0
163	347	3.0
163	3935	1.0
163	440	3.0
163	1893	1.0
163	437	3.0
163	2319	1.0
163	336	4.0
163	528	2.0
163	3235	1.0
163	807	1.0
163	512	2.0
163	704	2.0
163	3936	1.0
163	590	2.0
163	588	2.0
163	184	5.0
163	679	2.0
162	483	2.0
162	270	5.0
162	366	3.0
162	184	5.0
162	861	1.0
162	367	3.0
162	560	2.0
162	1126	1.0
162	249	5.0
162	441	3.0
162	342	4.0
162	144	5.0
162	337	4.0
162	719	2.0
162	1008	1.0
162	322	4.0
162	512	2.0
162	219	5.0
162	1187	1.0
162	302	4.0
162	105	5.0
161	1357	1.0
161	238	5.0
161	964	1.0
161	3291	1.0
161	3290	1.0
161	553	2.0
161	1634	1.0
161	177	5.0
161	1725	1.0
161	1112	1.0
161	1721	1.0
161	1718	1.0
161	1365	1.0
161	648	2.0
161	1822	1.0
161	1217	1.0
161	3931	1.0
161	2331	1.0
161	2179	1.0
161	1014	1.0
161	1788	1.0
161	910	1.0
161	2943	1.0
161	2942	1.0
161	3178	1.0
161	2163	1.0
161	28	5.0
161	994	1.0
161	1866	1.0
161	13	5.0
161	594	2.0
161	10	5.0
161	784	2.0
161	880	1.0
161	2720	1.0
161	488	2.0
159	1356	1.0
159	2330	1.0
159	284	4.0
159	3289	1.0
159	3288	1.0
159	3287	1.0
159	1344	1.0
159	470	2.0
159	3927	1.0
159	1045	1.0
159	487	2.0
159	1720	1.0
159	1273	1.0
159	2104	1.0
159	1560	1.0
159	354	3.0
159	1418	1.0
159	1608	1.0
159	3929	1.0
159	1988	1.0
159	2568	1.0
159	2178	1.0
159	524	2.0
159	1100	1.0
159	2941	1.0
159	805	1.0
159	800	2.0
159	1865	1.0
159	2245	1.0
159	2048	1.0
159	398	3.0
159	493	2.0
159	1751	1.0
159	1459	1.0
159	2718	1.0
159	2717	1.0
158	2436	1.0
158	1584	1.0
158	2940	1.0
158	1558	1.0
158	3925	1.0
158	1526	1.0
158	673	2.0
158	1822	1.0
158	668	2.0
158	1633	1.0
157	784	2.0
157	648	2.0
157	1200	1.0
157	3924	1.0
157	2938	1.0
157	2102	1.0
157	2243	1.0
157	2530	1.0
157	2939	1.0
157	1938	1.0
157	2329	1.0
157	2328	1.0
157	357	3.0
157	3923	1.0
157	545	2.0
157	3285	1.0
157	3284	1.0
157	3283	1.0
157	3282	1.0
157	3280	1.0
157	1112	1.0
157	1896	1.0
157	906	1.0
157	1297	1.0
157	697	2.0
157	105	5.0
157	694	2.0
157	486	2.0
157	1659	1.0
157	1658	1.0
157	1657	1.0
157	2046	1.0
157	667	2.0
157	270	5.0
157	2435	1.0
157	1441	1.0
157	845	1.0
157	2015	1.0
157	1417	1.0
157	2204	1.0
157	1216	1.0
157	624	2.0
157	224	5.0
157	756	2.0
157	1987	1.0
157	2565	1.0
156	422	3.0
156	559	2.0
156	322	4.0
156	650	2.0
156	224	5.0
156	364	3.0
156	277	5.0
156	1535	1.0
156	606	2.0
156	861	1.0
156	249	5.0
156	342	4.0
156	1704	1.0
156	1513	1.0
156	337	4.0
156	144	5.0
156	302	4.0
155	45	5.0
155	1684	1.0
155	1025	1.0
155	2434	1.0
155	2382	1.0
155	1864	1.0
155	545	2.0
155	356	3.0
155	1950	1.0
155	3922	1.0
155	2716	1.0
155	2322	1.0
155	253	5.0
155	3921	1.0
155	105	5.0
155	709	2.0
155	991	1.0
154	2715	1.0
154	2714	1.0
154	2325	1.0
154	3913	1.0
154	852	1.0
154	811	1.0
154	3276	1.0
154	3275	1.0
154	1167	1.0
154	1525	1.0
154	1039	1.0
154	1320	1.0
154	1019	1.0
154	2326	1.0
154	1986	1.0
154	918	1.0
154	2563	1.0
154	2562	1.0
154	3919	1.0
154	3918	1.0
154	3917	1.0
154	3915	1.0
154	3914	1.0
154	1085	1.0
154	3912	1.0
154	3910	1.0
154	3909	1.0
154	2936	1.0
154	2935	1.0
154	1479	1.0
154	599	2.0
154	3920	1.0
154	1949	1.0
154	2432	1.0
154	1557	1.0
154	779	2.0
154	485	2.0
152	269	5.0
152	400	3.0
152	782	2.0
152	1237	1.0
152	1499	1.0
152	2712	1.0
152	365	3.0
152	3907	1.0
152	3906	1.0
152	3905	1.0
152	2324	1.0
152	2912	1.0
152	744	2.0
152	2713	1.0
152	1333	1.0
152	741	2.0
152	733	2.0
152	929	1.0
152	727	2.0
152	135	5.0
152	324	4.0
152	3273	1.0
152	3272	1.0
152	1300	1.0
152	115	5.0
152	506	2.0
152	295	4.0
152	883	1.0
152	1077	1.0
152	1863	1.0
152	481	2.0
152	874	1.0
152	1070	1.0
152	664	2.0
152	72	5.0
152	1835	1.0
152	1434	1.0
152	1826	1.0
152	247	5.0
152	349	3.0
152	432	3.0
152	1416	1.0
152	625	2.0
152	1801	1.0
152	618	2.0
152	1787	1.0
152	1582	1.0
152	988	1.0
152	592	2.0
152	2561	1.0
151	2560	1.0
151	703	2.0
151	944	1.0
151	970	1.0
151	1166	1.0
151	2043	1.0
151	1948	1.0
151	2932	1.0
151	2931	1.0
151	2930	1.0
151	2929	1.0
151	2928	1.0
151	2927	1.0
151	2926	1.0
151	2925	1.0
151	2924	1.0
151	3268	1.0
151	3899	1.0
151	949	1.0
151	3902	1.0
151	3901	1.0
151	3900	1.0
151	2323	1.0
151	3898	1.0
151	3897	1.0
151	3896	1.0
151	3904	1.0
151	2711	1.0
151	2709	1.0
151	2708	1.0
151	1524	1.0
151	533	2.0
151	1910	1.0
151	2100	1.0
151	3267	1.0
151	3266	1.0
151	3265	1.0
151	3264	1.0
151	3261	1.0
151	3260	1.0
151	3259	1.0
151	1477	1.0
151	480	2.0
151	2044	1.0
151	2240	1.0
151	832	1.0
151	1415	1.0
151	1786	1.0
151	1785	1.0
151	2175	1.0
151	2174	1.0
151	2173	1.0
145	422	3.0
145	277	5.0
145	1183	1.0
145	224	5.0
145	364	3.0
145	302	4.0
145	301	4.0
145	249	5.0
145	342	4.0
145	337	4.0
145	144	5.0
144	483	2.0
144	471	2.0
144	428	3.0
144	184	5.0
144	473	2.0
144	277	5.0
144	467	2.0
144	947	1.0
144	2017	1.0
144	367	3.0
144	560	2.0
144	2984	1.0
144	849	1.0
144	1275	1.0
144	836	1.0
144	1126	1.0
144	252	5.0
144	3257	1.0
144	249	5.0
144	342	4.0
144	1893	1.0
144	437	3.0
144	622	2.0
144	1484	1.0
144	512	2.0
144	219	5.0
144	509	2.0
144	507	2.0
144	700	2.0
144	309	4.0
144	3895	1.0
144	3894	1.0
144	364	3.0
144	105	5.0
144	1750	1.0
143	270	5.0
143	364	3.0
143	224	5.0
143	890	1.0
143	337	4.0
143	422	3.0
143	144	5.0
143	302	4.0
143	277	5.0
143	249	5.0
141	393	3.0
141	2559	1.0
141	2558	1.0
141	196	5.0
141	191	5.0
141	653	2.0
141	889	1.0
141	183	5.0
141	182	5.0
141	181	5.0
141	1685	1.0
141	1157	1.0
141	368	3.0
141	2920	1.0
141	2919	1.0
141	1342	1.0
141	153	5.0
141	152	5.0
141	3893	1.0
141	3892	1.0
141	345	3.0
141	2707	1.0
141	2706	1.0
141	134	5.0
141	2097	1.0
141	321	4.0
141	1106	1.0
141	905	1.0
141	114	5.0
141	110	5.0
141	109	5.0
141	1289	1.0
141	3256	1.0
141	3255	1.0
141	3254	1.0
141	3253	1.0
141	97	5.0
141	1272	1.0
141	1862	1.0
141	86	5.0
141	85	5.0
141	281	4.0
141	79	5.0
141	2041	1.0
141	456	3.0
141	1632	1.0
141	1433	1.0
141	840	1.0
141	425	3.0
141	1985	1.0
141	408	3.0
141	1147	1.0
141	205	5.0
141	192	5.0
141	595	2.0
141	397	3.0
141	1165	1.0
138	582	2.0
138	785	2.0
138	2557	1.0
138	2556	1.0
138	1173	1.0
138	969	1.0
138	1162	1.0
138	176	5.0
138	1554	1.0
138	2213	1.0
138	2917	1.0
138	2916	1.0
138	743	2.0
138	545	2.0
138	3891	1.0
138	1718	1.0
138	2308	1.0
138	1117	1.0
138	258	5.0
138	2096	1.0
138	2686	1.0
138	1492	1.0
138	1287	1.0
138	3252	1.0
138	887	1.0
138	3250	1.0
138	488	2.0
138	1861	1.0
138	278	5.0
138	78	5.0
138	71	5.0
138	2040	1.0
138	2039	1.0
138	2428	1.0
138	2427	1.0
138	2228	1.0
138	645	2.0
138	1038	1.0
138	1625	1.0
138	1425	1.0
138	240	5.0
138	2800	1.0
138	37	5.0
138	32	5.0
138	1013	1.0
138	554	2.0
138	419	3.0
138	1595	1.0
138	1199	1.0
138	1783	1.0
138	2	5.0
137	59	5.0
137	1	5.0
137	351	3.0
137	98	5.0
137	955	1.0
137	1824	1.0
137	1131	1.0
137	1170	1.0
137	64	5.0
137	448	3.0
137	2290	1.0
137	1509	1.0
137	2088	1.0
137	1116	1.0
137	428	3.0
137	325	4.0
137	2555	1.0
137	2069	1.0
137	31	5.0
137	704	2.0
137	1566	1.0
137	2625	1.0
137	2915	1.0
137	974	1.0
137	2	5.0
137	1359	1.0
136	2424	1.0
136	2423	1.0
136	94	5.0
136	1061	1.0
136	342	4.0
136	277	5.0
136	2114	1.0
136	270	5.0
136	2112	1.0
136	1915	1.0
136	1914	1.0
136	1322	1.0
136	650	2.0
136	643	2.0
136	1224	1.0
136	2088	1.0
136	2261	1.0
136	1213	1.0
136	3249	1.0
136	144	5.0
136	1692	1.0
136	1691	1.0
136	428	3.0
136	2756	1.0
136	1587	1.0
136	224	5.0
136	2260	1.0
136	2113	1.0
136	2257	1.0
136	219	5.0
136	2055	1.0
136	1666	1.0
136	2052	1.0
136	2148	1.0
136	3889	1.0
136	3888	1.0
136	105	5.0
136	875	1.0
136	2426	1.0
136	1211	1.0
135	144	5.0
135	337	4.0
135	193	5.0
135	868	1.0
135	1565	1.0
135	2352	1.0
135	1324	1.0
135	2349	1.0
135	1667	1.0
135	2113	1.0
135	1553	1.0
135	2148	1.0
135	2914	1.0
135	2913	1.0
135	1730	1.0
135	342	4.0
135	2114	1.0
135	1915	1.0
135	2111	1.0
135	1125	1.0
135	1701	1.0
135	1306	1.0
135	2088	1.0
135	1691	1.0
135	508	2.0
135	890	1.0
135	1831	1.0
135	3248	1.0
135	3247	1.0
135	3245	1.0
135	288	4.0
135	2257	1.0
135	875	1.0
135	1268	1.0
135	2055	1.0
135	2054	1.0
135	2053	1.0
135	2052	1.0
135	277	5.0
135	2424	1.0
135	650	2.0
135	452	3.0
135	844	1.0
135	249	5.0
135	635	2.0
135	1419	1.0
135	428	3.0
135	1213	1.0
135	1211	1.0
135	224	5.0
135	1522	1.0
135	1993	1.0
135	1203	1.0
135	1587	1.0
135	1388	1.0
133	590	2.0
133	467	2.0
133	588	2.0
133	976	1.0
133	187	5.0
133	1008	1.0
133	382	3.0
133	184	5.0
133	781	2.0
133	565	2.0
133	367	3.0
133	366	3.0
133	347	3.0
133	736	2.0
133	144	5.0
133	336	4.0
133	528	2.0
133	526	2.0
133	520	2.0
133	322	4.0
133	516	2.0
133	1893	1.0
133	512	2.0
133	508	2.0
133	704	2.0
133	302	4.0
133	822	1.0
133	94	5.0
133	105	5.0
133	483	2.0
133	679	2.0
133	670	2.0
133	471	2.0
133	469	2.0
133	270	5.0
133	860	1.0
133	661	2.0
133	264	5.0
133	657	2.0
133	2025	1.0
133	249	5.0
133	440	3.0
133	437	3.0
133	428	3.0
133	1205	1.0
133	219	5.0
133	401	3.0
132	590	2.0
132	252	5.0
132	535	2.0
132	822	1.0
132	187	5.0
132	382	3.0
132	184	5.0
132	1958	1.0
132	565	2.0
132	367	3.0
132	366	3.0
132	736	2.0
132	1126	1.0
132	337	4.0
132	336	4.0
132	528	2.0
132	526	2.0
132	322	4.0
132	512	2.0
132	510	2.0
132	509	2.0
132	508	2.0
132	704	2.0
132	302	4.0
132	342	4.0
132	94	5.0
132	105	5.0
132	483	2.0
132	679	2.0
132	277	5.0
132	670	2.0
132	471	2.0
132	270	5.0
132	661	2.0
132	264	5.0
132	849	1.0
132	249	5.0
132	441	3.0
132	440	3.0
132	467	2.0
132	428	3.0
132	622	2.0
132	224	5.0
132	1008	1.0
132	219	5.0
132	597	2.0
131	94	5.0
131	483	2.0
131	676	2.0
131	657	2.0
131	382	3.0
131	187	5.0
131	670	2.0
131	184	5.0
131	588	2.0
131	860	1.0
131	367	3.0
131	560	2.0
131	656	2.0
131	849	1.0
131	264	5.0
131	836	1.0
131	252	5.0
131	736	2.0
131	441	3.0
131	535	2.0
131	336	4.0
131	526	2.0
131	622	2.0
131	1008	1.0
131	518	2.0
131	512	2.0
131	627	2.0
131	704	2.0
131	509	2.0
131	507	2.0
131	1958	1.0
131	590	2.0
131	976	1.0
131	679	2.0
130	590	2.0
130	252	5.0
130	588	2.0
130	976	1.0
130	1008	1.0
130	382	3.0
130	184	5.0
130	781	2.0
130	1958	1.0
130	367	3.0
130	366	3.0
130	416	3.0
130	467	2.0
130	347	3.0
130	736	2.0
130	144	5.0
130	1126	1.0
130	336	4.0
130	520	2.0
130	1893	1.0
130	512	2.0
130	508	2.0
130	704	2.0
130	302	4.0
130	94	5.0
130	105	5.0
130	483	2.0
130	679	2.0
130	277	5.0
130	670	2.0
130	270	5.0
130	264	5.0
130	656	2.0
130	849	1.0
130	2025	1.0
130	249	5.0
130	441	3.0
130	342	4.0
130	437	3.0
130	822	1.0
130	622	2.0
130	224	5.0
130	1205	1.0
130	219	5.0
130	401	3.0
130	597	2.0
129	94	5.0
129	483	2.0
129	676	2.0
129	382	3.0
129	187	5.0
129	184	5.0
129	510	2.0
129	2025	1.0
129	588	2.0
129	469	2.0
129	565	2.0
129	661	2.0
129	860	1.0
129	657	2.0
129	849	1.0
129	535	2.0
129	836	1.0
129	736	2.0
129	347	3.0
129	441	3.0
129	437	3.0
129	336	4.0
129	526	2.0
129	622	2.0
129	1008	1.0
129	520	2.0
129	518	2.0
129	512	2.0
129	627	2.0
129	704	2.0
129	509	2.0
129	507	2.0
129	1958	1.0
129	597	2.0
129	401	3.0
129	976	1.0
129	781	2.0
129	679	2.0
127	1031	1.0
127	103	5.0
127	2038	1.0
127	218	5.0
127	1850	1.0
127	2492	1.0
127	686	2.0
127	854	1.0
127	2095	1.0
127	3244	1.0
126	483	2.0
126	676	2.0
126	219	5.0
126	473	2.0
126	1033	1.0
126	670	2.0
126	184	5.0
126	277	5.0
126	828	1.0
126	370	3.0
126	2297	1.0
126	1324	1.0
126	836	1.0
126	252	5.0
126	249	5.0
126	441	3.0
126	440	3.0
126	342	4.0
126	2319	1.0
126	144	5.0
126	337	4.0
126	336	4.0
126	1008	1.0
126	512	2.0
126	704	2.0
126	303	4.0
126	302	4.0
126	972	1.0
125	590	2.0
125	588	2.0
125	467	2.0
125	976	1.0
125	1008	1.0
125	382	3.0
125	184	5.0
125	1958	1.0
125	367	3.0
125	366	3.0
125	560	2.0
125	416	3.0
125	347	3.0
125	736	2.0
125	144	5.0
125	535	2.0
125	337	4.0
125	528	2.0
125	526	2.0
125	518	2.0
125	512	2.0
125	510	2.0
125	704	2.0
125	302	4.0
125	94	5.0
125	105	5.0
125	483	2.0
125	676	2.0
125	277	5.0
125	469	2.0
125	270	5.0
125	860	1.0
125	661	2.0
125	264	5.0
125	656	2.0
125	849	1.0
125	249	5.0
125	441	3.0
125	440	3.0
125	627	2.0
125	822	1.0
125	622	2.0
125	1205	1.0
125	219	5.0
125	401	3.0
125	597	2.0
125	1187	1.0
124	590	2.0
124	588	2.0
124	781	2.0
124	1958	1.0
124	565	2.0
124	367	3.0
124	366	3.0
124	560	2.0
124	347	3.0
124	736	2.0
124	336	4.0
124	528	2.0
124	526	2.0
124	520	2.0
124	518	2.0
124	516	2.0
124	1893	1.0
124	512	2.0
124	510	2.0
124	509	2.0
124	508	2.0
124	704	2.0
124	302	4.0
124	822	1.0
124	94	5.0
124	105	5.0
124	483	2.0
124	277	5.0
124	467	2.0
124	860	1.0
124	661	2.0
124	264	5.0
124	657	2.0
124	656	2.0
124	849	1.0
124	252	5.0
124	249	5.0
124	836	1.0
124	441	3.0
124	342	4.0
124	627	2.0
124	428	3.0
124	622	2.0
124	224	5.0
124	1205	1.0
124	416	3.0
124	597	2.0
123	94	5.0
123	676	2.0
123	382	3.0
123	366	3.0
123	670	2.0
123	526	2.0
123	588	2.0
123	471	2.0
123	565	2.0
123	661	2.0
123	860	1.0
123	657	2.0
123	836	1.0
123	252	5.0
123	736	2.0
123	347	3.0
123	441	3.0
123	440	3.0
123	535	2.0
123	336	4.0
123	1205	1.0
123	622	2.0
123	518	2.0
123	416	3.0
123	512	2.0
123	627	2.0
123	704	2.0
123	507	2.0
123	597	2.0
123	401	3.0
123	467	2.0
123	590	2.0
123	976	1.0
123	781	2.0
120	2424	1.0
120	366	3.0
120	670	2.0
120	555	2.0
120	764	2.0
120	650	2.0
120	277	5.0
120	719	2.0
120	1535	1.0
120	270	5.0
120	559	2.0
120	364	3.0
120	1247	1.0
120	747	2.0
120	261	5.0
120	1513	1.0
120	938	1.0
120	1228	1.0
120	1704	1.0
120	252	5.0
120	441	3.0
120	2088	1.0
120	1213	1.0
120	337	4.0
120	1306	1.0
120	2703	1.0
120	2367	1.0
120	342	4.0
120	224	5.0
120	219	5.0
120	635	2.0
120	1566	1.0
120	1565	1.0
120	302	4.0
120	1268	1.0
120	3885	1.0
120	3884	1.0
120	3883	1.0
120	972	1.0
120	3881	1.0
118	483	2.0
118	252	5.0
118	366	3.0
118	512	2.0
118	1150	1.0
118	2601	1.0
118	560	2.0
118	844	1.0
118	936	1.0
118	1419	1.0
118	441	3.0
118	1402	1.0
118	1692	1.0
118	3243	1.0
118	2754	1.0
118	907	1.0
118	808	1.0
118	225	5.0
118	224	5.0
118	221	5.0
118	508	2.0
118	1667	1.0
118	2054	1.0
118	3878	1.0
118	594	2.0
118	302	4.0
118	585	2.0
118	3880	1.0
116	2909	1.0
116	2908	1.0
116	2907	1.0
116	2420	1.0
116	2904	1.0
116	288	4.0
116	2318	1.0
116	1832	1.0
116	657	2.0
116	2702	1.0
116	2701	1.0
116	2698	1.0
116	1630	1.0
116	2696	1.0
116	2695	1.0
116	2694	1.0
116	2693	1.0
116	2692	1.0
116	2691	1.0
116	1909	1.0
116	1908	1.0
116	1748	1.0
116	2422	1.0
116	1984	1.0
116	2697	1.0
116	2172	1.0
116	2554	1.0
116	2551	1.0
116	3241	1.0
116	2549	1.0
116	2548	1.0
116	2547	1.0
116	2546	1.0
116	2545	1.0
116	1747	1.0
116	892	1.0
116	2237	1.0
116	2418	1.0
116	2419	1.0
116	2910	1.0
115	221	5.0
115	775	2.0
115	3872	1.0
115	3871	1.0
115	3870	1.0
115	822	1.0
115	2204	1.0
115	1859	1.0
115	2070	1.0
115	2316	1.0
115	2541	1.0
115	1086	1.0
115	530	2.0
115	3875	1.0
115	1629	1.0
115	517	2.0
115	516	2.0
115	1892	1.0
115	1606	1.0
115	616	2.0
115	2416	1.0
115	2690	1.0
115	1581	1.0
115	899	1.0
115	3239	1.0
115	3238	1.0
115	3237	1.0
115	1297	1.0
115	465	2.0
115	1018	1.0
115	1016	1.0
115	736	2.0
115	1012	1.0
115	176	5.0
115	2689	1.0
115	1271	1.0
115	2094	1.0
115	2093	1.0
115	1815	1.0
115	2091	1.0
115	151	5.0
115	424	3.0
115	1253	1.0
115	140	5.0
115	964	1.0
115	2902	1.0
115	2901	1.0
115	2900	1.0
115	1512	1.0
115	402	3.0
115	1782	1.0
115	431	3.0
115	1498	1.0
115	389	3.0
115	1216	1.0
115	105	5.0
115	1209	1.0
115	377	3.0
115	651	2.0
115	1197	1.0
115	187	5.0
115	1469	1.0
115	78	5.0
115	351	3.0
115	1022	1.0
115	1456	1.0
115	347	3.0
115	622	2.0
115	896	1.0
115	1170	1.0
115	337	4.0
115	1717	1.0
115	54	5.0
115	330	4.0
115	2544	1.0
115	2543	1.0
115	2542	1.0
115	325	4.0
115	2540	1.0
115	2539	1.0
115	322	4.0
115	1983	1.0
115	1982	1.0
115	32	5.0
115	861	1.0
115	1684	1.0
115	2235	1.0
115	816	1.0
115	843	1.0
115	7	5.0
115	1113	1.0
115	1	5.0
115	277	5.0
114	60	5.0
114	95	5.0
114	478	2.0
114	1156	1.0
114	381	3.0
114	2898	1.0
114	648	2.0
114	1225	1.0
114	842	1.0
114	1000	1.0
114	556	2.0
114	69	5.0
114	2491	1.0
114	63	5.0
114	449	3.0
114	739	2.0
114	1319	1.0
114	1511	1.0
114	396	3.0
114	149	5.0
114	724	2.0
114	41	5.0
114	34	5.0
114	1488	1.0
114	806	1.0
114	29	5.0
114	605	2.0
114	1476	1.0
114	15	5.0
114	1370	1.0
114	104	5.0
114	200	5.0
114	3	5.0
114	1552	1.0
113	2036	1.0
113	675	2.0
113	243	5.0
113	867	1.0
113	318	4.0
113	89	5.0
113	280	4.0
113	376	3.0
113	294	4.0
113	272	5.0
113	77	5.0
113	1725	1.0
113	75	5.0
113	1432	1.0
113	1040	1.0
113	166	5.0
113	2687	1.0
113	163	5.0
113	65	5.0
113	962	1.0
113	546	2.0
113	60	5.0
113	1319	1.0
113	1605	1.0
113	731	2.0
113	633	2.0
113	50	5.0
113	2688	1.0
113	1590	1.0
113	229	5.0
113	22	5.0
113	1475	1.0
113	499	2.0
113	498	2.0
113	216	5.0
113	589	2.0
113	1822	1.0
113	2234	1.0
112	590	2.0
112	347	3.0
112	467	2.0
112	588	2.0
112	781	2.0
112	184	5.0
112	367	3.0
112	366	3.0
112	364	3.0
112	560	2.0
112	1732	1.0
112	938	1.0
112	736	2.0
112	437	3.0
112	535	2.0
112	533	2.0
112	322	4.0
112	512	2.0
112	510	2.0
112	509	2.0
112	507	2.0
112	336	4.0
112	303	4.0
112	302	4.0
112	144	5.0
112	94	5.0
112	288	4.0
112	105	5.0
112	483	2.0
112	3235	1.0
112	670	2.0
112	270	5.0
112	462	2.0
112	656	2.0
112	261	5.0
112	650	2.0
112	252	5.0
112	249	5.0
112	445	3.0
112	836	1.0
112	440	3.0
112	2999	1.0
112	822	1.0
112	622	2.0
112	219	5.0
111	357	3.0
111	329	4.0
111	212	5.0
111	1248	1.0
111	2141	1.0
111	1065	1.0
111	899	1.0
111	882	1.0
111	799	2.0
111	888	1.0
111	1474	1.0
111	1414	1.0
111	697	2.0
111	517	2.0
111	695	2.0
111	1421	1.0
111	1945	1.0
111	2171	1.0
111	1	5.0
111	1403	1.0
111	1044	1.0
111	2664	1.0
111	1221	1.0
111	2895	1.0
111	105	5.0
111	3231	1.0
111	1612	1.0
111	1252	1.0
111	1745	1.0
111	29	5.0
111	2080	1.0
111	3869	1.0
111	3866	1.0
111	3865	1.0
111	1716	1.0
111	1823	1.0
111	424	3.0
111	601	2.0
111	78	5.0
111	3232	1.0
111	2233	1.0
111	979	1.0
111	2894	1.0
111	1331	1.0
111	793	2.0
111	76	5.0
111	1149	1.0
111	431	3.0
111	967	1.0
111	250	5.0
111	632	2.0
111	1858	1.0
111	1856	1.0
111	64	5.0
111	1137	1.0
111	774	2.0
111	594	2.0
111	129	5.0
111	1184	1.0
111	579	2.0
111	41	5.0
111	39	5.0
111	1715	1.0
111	2897	1.0
111	2537	1.0
111	2536	1.0
111	2535	1.0
111	2534	1.0
111	2891	1.0
111	1813	1.0
111	2893	1.0
111	1808	1.0
111	2164	1.0
111	2877	1.0
111	1981	1.0
111	3233	1.0
111	1084	1.0
111	725	2.0
111	2514	1.0
111	3228	1.0
111	4	5.0
111	3	5.0
111	2686	1.0
111	1611	1.0
110	322	4.0
110	391	3.0
110	1566	1.0
110	184	5.0
110	366	3.0
110	1349	1.0
110	560	2.0
110	416	3.0
110	224	5.0
110	342	4.0
110	144	5.0
110	1126	1.0
110	337	4.0
110	336	4.0
110	913	1.0
110	3863	1.0
110	3861	1.0
110	3860	1.0
110	3859	1.0
110	303	4.0
110	302	4.0
110	288	4.0
110	483	2.0
110	277	5.0
110	670	2.0
110	1061	1.0
110	3227	1.0
110	270	5.0
110	1249	1.0
110	1246	1.0
110	252	5.0
110	250	5.0
110	249	5.0
110	836	1.0
110	441	3.0
110	437	3.0
110	428	3.0
110	2003	1.0
110	1212	1.0
110	1211	1.0
110	1800	1.0
110	1797	1.0
110	219	5.0
110	1203	1.0
110	1187	1.0
109	1937	1.0
109	2146	1.0
109	1931	1.0
109	2415	1.0
109	529	2.0
109	861	1.0
109	2314	1.0
109	756	2.0
109	2601	1.0
109	2890	1.0
109	2889	1.0
109	2886	1.0
109	2885	1.0
109	2685	1.0
109	1906	1.0
109	1628	1.0
109	254	5.0
109	830	1.0
109	2090	1.0
109	2376	1.0
109	2471	1.0
109	1402	1.0
109	1401	1.0
109	519	2.0
109	149	5.0
109	2169	1.0
109	325	4.0
109	516	2.0
109	1775	1.0
109	3225	1.0
109	3222	1.0
109	3221	1.0
109	209	5.0
109	2034	1.0
109	1170	1.0
109	1946	1.0
109	4	5.0
109	2232	1.0
108	37	5.0
108	313	4.0
108	190	5.0
108	187	5.0
108	1105	1.0
108	377	3.0
108	177	5.0
108	964	1.0
108	766	2.0
108	1945	1.0
108	594	2.0
108	2883	1.0
108	756	2.0
108	164	5.0
108	554	2.0
108	159	5.0
108	155	5.0
108	347	3.0
108	1725	1.0
108	2312	1.0
108	829	1.0
108	1319	1.0
108	330	4.0
108	130	5.0
108	2884	1.0
108	1307	1.0
108	2882	1.0
108	1497	1.0
108	510	2.0
108	899	1.0
108	108	5.0
108	2076	1.0
108	105	5.0
108	100	5.0
108	96	5.0
108	867	1.0
108	118	5.0
108	1096	1.0
108	648	2.0
108	253	5.0
108	2025	1.0
108	1627	1.0
108	1626	1.0
108	2413	1.0
108	1617	1.0
108	234	5.0
108	1215	1.0
108	1016	1.0
108	1198	1.0
108	9	5.0
108	1973	1.0
105	2680	1.0
105	2682	1.0
105	2683	1.0
105	82	5.0
105	3218	1.0
105	3217	1.0
105	441	3.0
105	3856	1.0
105	2881	1.0
105	2880	1.0
105	2311	1.0
105	2168	1.0
105	3858	1.0
105	3857	1.0
105	2681	1.0
105	3855	1.0
104	133	5.0
104	695	2.0
104	974	1.0
104	1015	1.0
104	1368	1.0
104	20	5.0
104	29	5.0
104	147	5.0
104	140	5.0
104	1713	1.0
104	1318	1.0
104	726	2.0
104	724	2.0
104	2087	1.0
104	3854	1.0
104	1683	1.0
104	1286	1.0
104	294	4.0
104	1473	1.0
104	93	5.0
104	1455	1.0
104	278	5.0
104	78	5.0
104	667	2.0
104	1256	1.0
104	1845	1.0
104	463	2.0
104	658	2.0
104	1836	1.0
104	259	5.0
104	2031	1.0
104	137	5.0
104	52	5.0
104	641	2.0
104	2412	1.0
104	45	5.0
104	42	5.0
104	1222	1.0
104	1024	1.0
104	30	5.0
104	1014	1.0
104	28	5.0
104	419	3.0
104	220	5.0
104	810	1.0
104	217	5.0
104	806	1.0
104	604	2.0
104	1980	1.0
104	4	5.0
104	199	5.0
103	288	4.0
103	868	1.0
103	440	3.0
103	184	5.0
103	555	2.0
103	861	1.0
103	277	5.0
103	670	2.0
103	469	2.0
103	828	1.0
103	913	1.0
103	367	3.0
103	366	3.0
103	1159	1.0
103	1249	1.0
103	3852	1.0
103	836	1.0
103	1126	1.0
103	925	1.0
103	342	4.0
103	437	3.0
103	2349	1.0
103	144	5.0
103	270	5.0
103	322	4.0
103	224	5.0
103	416	3.0
103	512	2.0
103	1187	1.0
103	700	2.0
103	543	2.0
103	3853	1.0
103	303	4.0
103	302	4.0
103	391	3.0
102	483	2.0
102	870	1.0
102	270	5.0
102	309	4.0
102	670	2.0
102	1929	1.0
102	277	5.0
102	757	2.0
102	367	3.0
102	366	3.0
102	558	2.0
102	303	4.0
102	3851	1.0
102	3850	1.0
102	2879	1.0
102	550	2.0
102	836	1.0
102	224	5.0
102	249	5.0
102	440	3.0
102	2476	1.0
102	1796	1.0
102	144	5.0
102	337	4.0
102	719	2.0
102	428	3.0
102	1008	1.0
102	2849	1.0
102	2167	1.0
102	808	1.0
102	437	3.0
102	252	5.0
102	512	2.0
102	704	2.0
102	1187	1.0
102	508	2.0
102	510	2.0
102	594	2.0
102	302	4.0
102	105	5.0
101	483	2.0
101	219	5.0
101	670	2.0
101	1929	1.0
101	277	5.0
101	565	2.0
101	757	2.0
101	659	2.0
101	367	3.0
101	560	2.0
101	2879	1.0
101	836	1.0
101	1126	1.0
101	249	5.0
101	441	3.0
101	2477	1.0
101	342	4.0
101	144	5.0
101	337	4.0
101	336	4.0
101	2371	1.0
101	718	2.0
101	1008	1.0
101	224	5.0
101	512	2.0
101	509	2.0
101	507	2.0
101	3849	1.0
101	303	4.0
101	302	4.0
101	105	5.0
101	1854	1.0
100	2876	1.0
100	259	5.0
100	1366	1.0
100	268	5.0
100	404	3.0
100	538	2.0
100	263	5.0
100	36	5.0
100	1905	1.0
100	122	5.0
100	1215	1.0
100	2309	1.0
100	112	5.0
100	26	5.0
100	1341	1.0
100	27	5.0
100	104	5.0
100	1743	1.0
100	2877	1.0
100	3213	1.0
100	871	1.0
100	1180	1.0
100	2411	1.0
100	2410	1.0
100	3847	1.0
100	2408	1.0
100	213	5.0
100	2678	1.0
100	2677	1.0
100	1853	1.0
100	1030	1.0
100	1712	1.0
100	62	5.0
100	3212	1.0
100	208	5.0
100	56	5.0
100	1285	1.0
100	1146	1.0
100	1145	1.0
100	459	3.0
100	227	5.0
100	31	5.0
100	2230	1.0
100	99	5.0
100	171	5.0
100	254	5.0
100	1536	1.0
100	987	1.0
100	108	5.0
100	1122	1.0
100	162	5.0
100	846	1.0
100	18	5.0
100	699	2.0
100	13	5.0
100	3848	1.0
100	1929	1.0
100	1926	1.0
100	964	1.0
100	2878	1.0
100	548	2.0
98	94	5.0
98	288	4.0
98	270	5.0
98	673	2.0
98	510	2.0
98	764	2.0
98	860	1.0
98	565	2.0
98	2407	1.0
98	2406	1.0
98	2017	1.0
98	367	3.0
98	366	3.0
98	171	5.0
98	264	5.0
98	3845	1.0
98	3844	1.0
98	3842	1.0
98	3840	1.0
98	3838	1.0
98	342	4.0
98	535	2.0
98	437	3.0
98	336	4.0
98	2532	1.0
98	428	3.0
98	2754	1.0
98	337	4.0
98	2875	1.0
98	2166	1.0
98	2262	1.0
98	224	5.0
98	512	2.0
98	704	2.0
98	2350	1.0
98	700	2.0
98	1956	1.0
98	3211	1.0
98	3209	1.0
98	219	5.0
97	483	2.0
97	187	5.0
97	670	2.0
97	277	5.0
97	1921	1.0
97	2114	1.0
97	270	5.0
97	366	3.0
97	1820	1.0
97	1916	1.0
97	1915	1.0
97	3175	1.0
97	264	5.0
97	3171	1.0
97	1698	1.0
97	1322	1.0
97	1125	1.0
97	3837	1.0
97	149	5.0
97	1796	1.0
97	1795	1.0
97	144	5.0
97	336	4.0
97	2532	1.0
97	1692	1.0
97	1691	1.0
97	428	3.0
97	3836	1.0
97	2874	1.0
97	3007	1.0
97	2458	1.0
97	808	1.0
97	440	3.0
97	26	5.0
97	2053	1.0
97	1876	1.0
97	364	3.0
97	105	5.0
97	3208	1.0
95	967	1.0
95	591	2.0
95	2308	1.0
95	76	5.0
95	69	5.0
95	1365	1.0
95	1595	1.0
95	1711	1.0
95	1904	1.0
95	738	2.0
95	2676	1.0
95	1944	1.0
95	1315	1.0
95	2164	1.0
95	2228	1.0
95	2307	1.0
95	2405	1.0
95	237	5.0
95	39	5.0
95	2872	1.0
95	35	5.0
95	1681	1.0
95	2165	1.0
95	3205	1.0
95	2162	1.0
95	25	5.0
95	1284	1.0
95	2029	1.0
95	3835	1.0
95	887	1.0
95	2531	1.0
95	2530	1.0
95	2529	1.0
95	3206	1.0
95	489	2.0
95	3204	1.0
92	2523	1.0
92	2522	1.0
92	993	1.0
92	1426	1.0
92	624	2.0
92	3202	1.0
92	3824	1.0
92	616	2.0
92	2519	1.0
92	613	2.0
92	612	2.0
92	1899	1.0
92	1900	1.0
92	608	2.0
92	1903	1.0
92	5	5.0
92	605	2.0
92	328	4.0
92	1283	1.0
92	33	5.0
92	36	5.0
92	591	2.0
92	1221	1.0
92	1851	1.0
92	587	2.0
92	1848	1.0
92	1847	1.0
92	674	2.0
92	581	2.0
92	49	5.0
92	340	4.0
92	578	2.0
92	1208	1.0
92	1207	1.0
92	574	2.0
92	3192	1.0
92	3820	1.0
92	3197	1.0
92	3198	1.0
92	1195	1.0
92	3201	1.0
92	68	5.0
92	1323	1.0
92	1819	1.0
92	1818	1.0
92	554	2.0
92	1182	1.0
92	81	5.0
92	545	2.0
92	538	2.0
92	536	2.0
92	47	5.0
92	1164	1.0
92	1621	1.0
92	1355	1.0
92	103	5.0
92	1623	1.0
92	1155	1.0
92	3194	1.0
92	1781	1.0
92	1780	1.0
92	514	2.0
92	2403	1.0
92	2402	1.0
92	3200	1.0
92	2400	1.0
92	2399	1.0
92	1135	1.0
92	495	2.0
92	1121	1.0
92	1120	1.0
92	488	2.0
92	1398	1.0
92	2027	1.0
92	73	5.0
92	1742	1.0
92	1741	1.0
92	477	2.0
92	1104	1.0
92	1098	1.0
92	40	5.0
92	165	5.0
92	461	2.0
92	804	1.0
92	1082	1.0
92	59	5.0
92	448	3.0
92	1076	1.0
92	1075	1.0
92	46	5.0
92	1068	1.0
92	193	5.0
92	1064	1.0
92	2084	1.0
92	1056	1.0
92	421	3.0
92	1049	1.0
92	1679	1.0
92	2305	1.0
92	2303	1.0
92	1670	1.0
92	1024	1.0
92	1023	1.0
92	241	5.0
92	387	3.0
92	1648	1.0
92	1016	1.0
92	1015	1.0
92	1011	1.0
92	379	3.0
92	1007	1.0
92	1006	1.0
92	2267	1.0
92	1000	1.0
92	999	1.0
92	265	5.0
92	363	3.0
92	362	3.0
92	361	3.0
92	1622	1.0
92	359	3.0
92	986	1.0
92	346	3.0
92	2869	1.0
92	285	4.0
92	1604	1.0
92	2864	1.0
92	2862	1.0
92	968	1.0
92	2227	1.0
92	2226	1.0
92	332	4.0
92	2222	1.0
92	302	4.0
92	956	1.0
92	1726	1.0
92	1580	1.0
92	1579	1.0
92	1578	1.0
92	1577	1.0
92	314	4.0
92	2206	1.0
92	934	1.0
92	933	1.0
92	301	4.0
92	329	4.0
92	299	4.0
92	3190	1.0
92	928	1.0
92	294	4.0
92	338	4.0
92	1551	1.0
92	1550	1.0
92	2223	1.0
92	1548	1.0
92	1547	1.0
92	1546	1.0
92	278	5.0
92	904	1.0
92	272	5.0
92	901	1.0
92	2161	1.0
92	897	1.0
92	2158	1.0
92	2157	1.0
92	2156	1.0
92	893	1.0
92	260	5.0
92	1624	1.0
92	1625	1.0
92	1519	1.0
92	1517	1.0
92	380	3.0
92	385	3.0
92	242	5.0
92	2765	1.0
92	2132	1.0
92	1646	1.0
92	1647	1.0
92	864	1.0
92	232	5.0
92	857	1.0
92	856	1.0
92	851	1.0
92	219	5.0
92	218	5.0
92	215	5.0
92	214	5.0
92	209	5.0
92	1471	1.0
92	207	5.0
92	1680	1.0
92	198	5.0
92	2224	1.0
92	826	1.0
92	2085	1.0
92	2083	1.0
92	146	5.0
92	848	1.0
92	444	3.0
92	1710	1.0
92	169	5.0
92	1427	1.0
92	795	2.0
92	160	5.0
92	156	5.0
92	2675	1.0
92	2674	1.0
92	2673	1.0
92	2672	1.0
92	2669	1.0
92	1396	1.0
92	759	2.0
92	124	5.0
92	1382	1.0
92	1381	1.0
92	116	5.0
92	108	5.0
92	738	2.0
92	105	5.0
92	104	5.0
92	1852	1.0
92	101	5.0
92	95	5.0
92	724	2.0
92	1354	1.0
92	89	5.0
92	88	5.0
92	84	5.0
92	712	2.0
92	80	5.0
92	1850	1.0
92	1330	1.0
92	698	2.0
92	692	2.0
92	691	2.0
92	690	2.0
92	58	5.0
92	1316	1.0
92	1943	1.0
92	1942	1.0
92	48	5.0
92	3832	1.0
92	3831	1.0
92	3830	1.0
92	3829	1.0
92	3828	1.0
92	3827	1.0
92	3826	1.0
92	3825	1.0
92	669	2.0
92	3823	1.0
92	3822	1.0
92	1297	1.0
92	3189	1.0
92	1926	1.0
92	662	2.0
92	29	5.0
92	27	5.0
92	23	5.0
92	652	2.0
92	20	5.0
92	19	5.0
92	1278	1.0
92	15	5.0
92	1275	1.0
92	643	2.0
92	9	5.0
92	1901	1.0
92	1269	1.0
92	637	2.0
92	1267	1.0
92	1264	1.0
92	1	5.0
92	2524	1.0
91	590	2.0
91	252	5.0
91	535	2.0
91	588	2.0
91	976	1.0
91	187	5.0
91	781	2.0
91	382	3.0
91	184	5.0
91	1958	1.0
91	367	3.0
91	560	2.0
91	347	3.0
91	736	2.0
91	144	5.0
91	1126	1.0
91	528	2.0
91	322	4.0
91	512	2.0
91	510	2.0
91	509	2.0
91	2668	1.0
91	302	4.0
91	342	4.0
91	105	5.0
91	483	2.0
91	679	2.0
91	277	5.0
91	670	2.0
91	471	2.0
91	264	5.0
91	656	2.0
91	849	1.0
91	2025	1.0
91	249	5.0
91	836	1.0
91	441	3.0
91	440	3.0
91	437	3.0
91	627	2.0
91	822	1.0
91	224	5.0
91	1008	1.0
91	219	5.0
91	401	3.0
91	597	2.0
90	75	5.0
90	1	5.0
90	1451	1.0
90	2517	1.0
90	479	2.0
90	478	2.0
90	384	3.0
90	1251	1.0
90	2024	1.0
90	3186	1.0
90	3185	1.0
90	854	1.0
90	2500	1.0
90	2302	1.0
90	652	2.0
90	2397	1.0
90	1619	1.0
90	356	3.0
90	549	2.0
90	1677	1.0
90	1516	1.0
90	253	5.0
90	1896	1.0
90	1220	1.0
90	54	5.0
90	1314	1.0
90	242	5.0
90	2859	1.0
90	137	5.0
90	36	5.0
90	1816	1.0
90	128	5.0
90	1970	1.0
90	417	3.0
90	1675	1.0
90	419	3.0
90	2398	1.0
90	891	1.0
90	299	4.0
90	1074	1.0
90	1941	1.0
88	866	1.0
88	473	2.0
88	184	5.0
88	764	2.0
88	586	2.0
88	719	2.0
88	565	2.0
88	467	2.0
88	860	1.0
88	2017	1.0
88	560	2.0
88	656	2.0
88	264	5.0
88	261	5.0
88	836	1.0
88	544	2.0
88	252	5.0
88	347	3.0
88	440	3.0
88	437	3.0
88	336	4.0
88	1205	1.0
88	815	1.0
88	1008	1.0
88	520	2.0
88	518	2.0
88	512	2.0
88	509	2.0
88	507	2.0
88	932	1.0
88	597	2.0
88	401	3.0
88	366	3.0
88	877	1.0
86	193	5.0
86	322	4.0
86	270	5.0
86	2015	1.0
86	364	3.0
86	550	2.0
86	452	3.0
86	1224	1.0
86	1513	1.0
86	1022	1.0
86	342	4.0
86	1213	1.0
86	533	2.0
86	435	3.0
86	144	5.0
86	720	2.0
86	428	3.0
86	424	3.0
86	3818	1.0
86	516	2.0
86	224	5.0
86	508	2.0
86	2148	1.0
86	394	3.0
85	29	5.0
85	356	3.0
85	4	5.0
85	643	2.0
85	1096	1.0
85	579	2.0
85	1181	1.0
85	568	2.0
85	961	1.0
85	169	5.0
85	1940	1.0
85	1545	1.0
85	2155	1.0
85	554	2.0
85	750	2.0
85	2516	1.0
85	2301	1.0
85	2300	1.0
85	519	2.0
85	714	2.0
85	514	2.0
85	1104	1.0
85	303	4.0
85	1282	1.0
85	2857	1.0
85	3817	1.0
85	1058	1.0
85	1057	1.0
85	453	3.0
85	842	1.0
85	1234	1.0
85	1232	1.0
85	1426	1.0
85	3184	1.0
85	3182	1.0
85	3181	1.0
85	28	5.0
85	26	5.0
85	809	1.0
85	1005	1.0
85	207	5.0
85	792	2.0
85	790	2.0
84	2022	1.0
84	1163	1.0
84	3816	1.0
84	2515	1.0
84	3180	1.0
84	3179	1.0
84	1568	1.0
83	67	5.0
83	870	1.0
83	1450	1.0
83	1740	1.0
83	423	3.0
83	504	2.0
83	601	2.0
83	621	2.0
83	81	5.0
83	176	5.0
83	890	1.0
83	21	5.0
83	267	5.0
83	843	1.0
83	258	5.0
83	1895	1.0
83	1706	1.0
83	1313	1.0
83	2664	1.0
83	2855	1.0
83	1494	1.0
83	37	5.0
83	1975	1.0
83	616	2.0
83	123	5.0
83	1379	1.0
83	2154	1.0
83	19	5.0
83	214	5.0
83	10	5.0
83	1845	1.0
82	872	1.0
82	1938	1.0
82	967	1.0
82	1257	1.0
82	1449	1.0
82	616	2.0
82	955	1.0
82	469	2.0
82	819	1.0
82	78	5.0
82	3178	1.0
82	3177	1.0
82	3176	1.0
82	2299	1.0
82	1037	1.0
82	1515	1.0
82	356	3.0
82	1422	1.0
82	254	5.0
82	532	2.0
82	725	2.0
82	2513	1.0
82	237	5.0
82	519	2.0
82	2458	1.0
82	29	5.0
82	2153	1.0
82	596	2.0
82	497	2.0
82	105	5.0
81	1969	1.0
81	1180	1.0
81	337	4.0
81	565	2.0
81	1126	1.0
81	1268	1.0
81	1795	1.0
81	1353	1.0
81	761	2.0
81	366	3.0
81	3174	1.0
81	555	2.0
81	1340	1.0
81	1730	1.0
81	1008	1.0
81	2512	1.0
81	2511	1.0
81	144	5.0
81	2113	1.0
81	1324	1.0
81	2111	1.0
81	1125	1.0
81	1796	1.0
81	322	4.0
81	508	2.0
81	309	4.0
81	892	1.0
81	2663	1.0
81	2662	1.0
81	2661	1.0
81	288	4.0
81	2060	1.0
81	483	2.0
81	277	5.0
81	3813	1.0
81	3812	1.0
81	3810	1.0
81	3809	1.0
81	3808	1.0
81	3805	1.0
81	3008	1.0
81	643	2.0
81	437	3.0
81	2602	1.0
81	428	3.0
81	30	5.0
81	1211	1.0
81	1993	1.0
81	2380	1.0
81	2768	1.0
80	483	2.0
80	94	5.0
80	93	5.0
80	382	3.0
80	187	5.0
80	535	2.0
80	948	1.0
80	469	2.0
80	1727	1.0
80	366	3.0
80	1914	1.0
80	264	5.0
80	907	1.0
80	3172	1.0
80	261	5.0
80	2394	1.0
80	938	1.0
80	1322	1.0
80	1611	1.0
80	1125	1.0
80	347	3.0
80	440	3.0
80	2278	1.0
80	2292	1.0
80	241	5.0
80	719	2.0
80	1008	1.0
80	2854	1.0
80	713	2.0
80	2070	1.0
80	225	5.0
80	3171	1.0
80	1969	1.0
80	532	2.0
80	510	2.0
80	2152	1.0
80	1666	1.0
80	106	5.0
80	391	3.0
80	972	1.0
79	1937	1.0
79	1837	1.0
79	471	2.0
79	2221	1.0
79	2509	1.0
79	2508	1.0
79	2507	1.0
79	1513	1.0
79	1815	1.0
79	2298	1.0
79	3169	1.0
79	407	3.0
79	1999	1.0
79	834	1.0
79	2150	1.0
79	1113	1.0
79	2659	1.0
79	2658	1.0
79	1202	1.0
79	2852	1.0
79	1197	1.0
79	2263	1.0
79	322	4.0
79	3170	1.0
79	29	5.0
79	2853	1.0
79	219	5.0
79	1571	1.0
79	3799	1.0
79	3798	1.0
79	596	2.0
79	3800	1.0
79	105	5.0
77	606	2.0
77	650	2.0
77	224	5.0
77	270	5.0
77	277	5.0
77	219	5.0
77	635	2.0
77	559	2.0
77	861	1.0
77	249	5.0
77	342	4.0
77	337	4.0
77	193	5.0
77	144	5.0
77	1022	1.0
77	424	3.0
76	33	5.0
76	420	3.0
76	325	4.0
76	834	1.0
76	315	4.0
76	1066	1.0
76	29	5.0
76	1359	1.0
76	210	5.0
76	15	5.0
76	1844	1.0
76	7	5.0
76	4	5.0
76	752	2.0
75	1362	1.0
75	702	2.0
75	1779	1.0
75	838	1.0
75	32	5.0
75	594	2.0
75	28	5.0
75	117	5.0
75	23	5.0
75	15	5.0
75	388	3.0
75	6	5.0
75	169	5.0
75	4	5.0
74	1644	1.0
74	867	1.0
74	186	5.0
74	1348	1.0
74	1152	1.0
74	808	1.0
74	564	2.0
74	1232	1.0
74	2296	1.0
74	3167	1.0
74	3165	1.0
74	545	2.0
74	445	3.0
74	2656	1.0
74	725	2.0
74	1206	1.0
74	2851	1.0
74	2850	1.0
74	2655	1.0
74	1778	1.0
74	322	4.0
74	1096	1.0
74	899	1.0
74	219	5.0
74	504	2.0
74	790	2.0
74	3796	1.0
74	303	4.0
74	301	4.0
74	590	2.0
74	4	5.0
73	270	5.0
73	440	3.0
73	391	3.0
73	853	1.0
73	1763	1.0
73	1565	1.0
73	184	5.0
73	366	3.0
73	1349	1.0
73	224	5.0
73	543	2.0
73	342	4.0
73	144	5.0
73	337	4.0
73	336	4.0
73	925	1.0
73	1701	1.0
73	1700	1.0
73	700	2.0
73	1306	1.0
73	303	4.0
73	302	4.0
73	288	4.0
73	1072	1.0
73	1464	1.0
73	1061	1.0
73	861	1.0
73	1249	1.0
73	322	4.0
73	1247	1.0
73	252	5.0
73	913	1.0
73	250	5.0
73	249	5.0
73	3794	1.0
73	638	2.0
73	1228	1.0
73	437	3.0
73	2003	1.0
73	1800	1.0
73	1797	1.0
73	187	5.0
73	1187	1.0
72	270	5.0
72	342	4.0
72	440	3.0
72	670	2.0
72	659	2.0
72	367	3.0
72	366	3.0
72	558	2.0
72	3164	1.0
72	252	5.0
72	441	3.0
72	2477	1.0
72	2476	1.0
72	437	3.0
72	337	4.0
72	2849	1.0
72	808	1.0
72	322	4.0
72	512	2.0
72	219	5.0
72	890	1.0
72	301	4.0
72	105	5.0
72	1022	1.0
71	288	4.0
71	252	5.0
71	1061	1.0
71	366	3.0
71	1349	1.0
71	184	5.0
71	638	2.0
71	277	5.0
71	670	2.0
71	1246	1.0
71	551	2.0
71	1597	1.0
71	440	3.0
71	836	1.0
71	1126	1.0
71	543	2.0
71	250	5.0
71	249	5.0
71	441	3.0
71	925	1.0
71	437	3.0
71	144	5.0
71	337	4.0
71	1102	1.0
71	322	4.0
71	224	5.0
71	416	3.0
71	512	2.0
71	700	2.0
71	303	4.0
71	302	4.0
71	105	5.0
71	1072	1.0
71	391	3.0
70	3151	1.0
70	3150	1.0
70	3148	1.0
70	3147	1.0
70	2651	1.0
70	2846	1.0
70	1739	1.0
70	3769	1.0
70	2506	1.0
70	3754	1.0
70	2654	1.0
70	2652	1.0
70	2848	1.0
70	2650	1.0
70	2649	1.0
70	2844	1.0
70	2843	1.0
70	2842	1.0
70	2841	1.0
70	2840	1.0
70	2839	1.0
70	1040	1.0
70	2847	1.0
70	3792	1.0
70	3791	1.0
70	3790	1.0
70	3785	1.0
70	3784	1.0
70	3783	1.0
70	3782	1.0
70	3779	1.0
70	3778	1.0
70	3776	1.0
70	3775	1.0
70	3773	1.0
70	3772	1.0
70	2392	1.0
70	2391	1.0
70	2390	1.0
70	3768	1.0
70	3771	1.0
70	3764	1.0
70	3763	1.0
70	3761	1.0
70	3760	1.0
70	3759	1.0
70	3758	1.0
70	3757	1.0
70	3756	1.0
70	3163	1.0
70	3162	1.0
70	3161	1.0
70	3160	1.0
70	3159	1.0
70	1973	1.0
70	3154	1.0
70	3153	1.0
69	890	1.0
69	277	5.0
69	322	4.0
69	508	2.0
69	224	5.0
69	270	5.0
69	219	5.0
69	1571	1.0
69	342	4.0
69	105	5.0
69	1513	1.0
69	428	3.0
66	1643	1.0
66	1642	1.0
66	220	5.0
66	955	1.0
66	3143	1.0
66	3142	1.0
66	1769	1.0
66	818	1.0
66	530	2.0
66	1271	1.0
66	3749	1.0
66	3750	1.0
66	386	3.0
66	616	2.0
66	519	2.0
66	1339	1.0
66	374	3.0
66	236	5.0
66	371	3.0
66	644	2.0
66	365	3.0
66	1731	1.0
66	497	2.0
66	2823	1.0
66	3753	1.0
66	217	5.0
66	78	5.0
66	1170	1.0
66	63	5.0
66	1263	1.0
66	1027	1.0
66	477	2.0
66	1296	1.0
66	199	5.0
66	193	5.0
66	1676	1.0
66	1972	1.0
66	3752	1.0
66	3751	1.0
66	325	4.0
66	1009	1.0
66	460	3.0
66	185	5.0
66	47	5.0
66	314	4.0
66	2505	1.0
66	1134	1.0
66	1542	1.0
66	2498	1.0
66	304	4.0
66	2501	1.0
66	847	1.0
66	2072	1.0
66	2205	1.0
66	696	2.0
66	5	5.0
66	2	5.0
66	1	5.0
66	667	2.0
65	463	2.0
65	2629	1.0
65	1360	1.0
65	2627	1.0
65	2079	1.0
65	871	1.0
65	3725	1.0
65	1736	1.0
65	1735	1.0
65	891	1.0
65	892	1.0
65	1732	1.0
65	1769	1.0
65	30	5.0
65	31	5.0
65	1708	1.0
65	1705	1.0
65	55	5.0
65	818	1.0
65	817	1.0
65	60	5.0
65	61	5.0
65	2217	1.0
65	2218	1.0
65	1812	1.0
65	1813	1.0
65	474	2.0
65	1675	1.0
65	78	5.0
65	1672	1.0
65	1671	1.0
65	3574	1.0
65	3578	1.0
65	1358	1.0
65	1842	1.0
65	3597	1.0
65	768	2.0
65	766	2.0
65	984	1.0
65	119	5.0
65	2504	1.0
65	1872	1.0
65	2501	1.0
65	2499	1.0
65	2498	1.0
65	2496	1.0
65	2495	1.0
65	1881	1.0
65	1885	1.0
65	1886	1.0
65	1887	1.0
65	1890	1.0
65	3641	1.0
65	155	5.0
65	2466	1.0
65	702	2.0
65	1576	1.0
65	696	2.0
65	693	2.0
65	1931	1.0
65	1934	1.0
65	96	5.0
65	194	5.0
65	3688	1.0
65	3690	1.0
65	3692	1.0
65	3693	1.0
65	3694	1.0
65	3695	1.0
65	3696	1.0
65	668	2.0
65	2290	1.0
65	3704	1.0
65	662	2.0
65	3707	1.0
65	3708	1.0
65	1535	1.0
65	1534	1.0
65	3711	1.0
65	655	2.0
65	3714	1.0
65	111	5.0
65	651	2.0
65	238	5.0
65	2389	1.0
65	2388	1.0
65	2386	1.0
65	2384	1.0
65	2383	1.0
65	2382	1.0
65	622	2.0
65	3624	1.0
65	616	2.0
65	262	5.0
65	2364	1.0
65	67	5.0
65	597	2.0
65	585	2.0
65	1448	1.0
65	1429	1.0
65	545	2.0
65	2295	1.0
65	2291	1.0
65	1413	1.0
65	532	2.0
65	530	2.0
65	2278	1.0
65	176	5.0
65	1925	1.0
65	519	2.0
65	1395	1.0
65	517	2.0
65	2263	1.0
65	3138	1.0
65	3137	1.0
65	3136	1.0
65	3135	1.0
65	3134	1.0
65	3131	1.0
65	3130	1.0
65	3128	1.0
65	3125	1.0
65	3123	1.0
65	3121	1.0
65	128	5.0
65	3119	1.0
65	3118	1.0
65	3116	1.0
65	3115	1.0
65	3114	1.0
65	1359	1.0
65	3112	1.0
65	3111	1.0
65	3110	1.0
65	3109	1.0
65	477	2.0
65	3107	1.0
65	3106	1.0
65	1351	1.0
65	3104	1.0
65	3103	1.0
65	3102	1.0
65	3100	1.0
65	468	2.0
65	3098	1.0
65	3097	1.0
65	3096	1.0
65	3095	1.0
65	3094	1.0
65	3092	1.0
65	1328	1.0
65	3710	1.0
65	1296	1.0
65	471	2.0
65	3034	1.0
65	2220	1.0
65	478	2.0
65	479	2.0
65	2144	1.0
65	488	2.0
65	490	2.0
65	384	3.0
65	497	2.0
65	1250	1.0
65	365	3.0
65	364	3.0
65	1212	1.0
65	331	4.0
65	1205	1.0
65	1641	1.0
65	1202	1.0
65	2074	1.0
65	1196	1.0
65	1195	1.0
65	1191	1.0
65	310	4.0
65	301	4.0
65	288	4.0
65	280	4.0
65	279	4.0
65	1611	1.0
65	274	5.0
65	201	5.0
65	3699	1.0
65	2021	1.0
65	2020	1.0
65	2018	1.0
65	2017	1.0
65	2016	1.0
65	1134	1.0
65	1131	1.0
65	253	5.0
65	251	5.0
65	244	5.0
65	243	5.0
65	3747	1.0
65	3746	1.0
65	3745	1.0
65	1512	1.0
65	3743	1.0
65	3742	1.0
65	3740	1.0
65	3738	1.0
65	3737	1.0
65	3736	1.0
65	3735	1.0
65	3732	1.0
65	3730	1.0
65	3726	1.0
65	1971	1.0
65	1970	1.0
65	3723	1.0
65	3720	1.0
65	3719	1.0
65	210	5.0
65	3717	1.0
65	3716	1.0
65	2836	1.0
65	2835	1.0
65	2833	1.0
65	2832	1.0
65	2831	1.0
65	2830	1.0
65	2829	1.0
65	3705	1.0
65	2827	1.0
65	2826	1.0
65	3702	1.0
65	2824	1.0
65	2823	1.0
65	2822	1.0
65	3698	1.0
65	1066	1.0
65	2819	1.0
65	2818	1.0
65	2817	1.0
65	2816	1.0
65	2815	1.0
65	2814	1.0
65	2813	1.0
65	1935	1.0
65	2811	1.0
65	3687	1.0
65	1932	1.0
65	3685	1.0
65	3684	1.0
65	3683	1.0
65	3682	1.0
65	3680	1.0
65	3679	1.0
65	3678	1.0
65	3677	1.0
65	3676	1.0
65	3675	1.0
65	3674	1.0
65	3673	1.0
65	3672	1.0
65	3671	1.0
65	3670	1.0
65	3669	1.0
65	3667	1.0
65	3665	1.0
65	3664	1.0
65	3663	1.0
65	3662	1.0
65	3661	1.0
65	3660	1.0
65	1674	1.0
65	3658	1.0
65	3657	1.0
65	3656	1.0
65	144	5.0
65	3650	1.0
65	3647	1.0
65	3646	1.0
65	3645	1.0
65	3643	1.0
65	1888	1.0
65	1010	1.0
65	3640	1.0
65	3639	1.0
65	3638	1.0
65	3637	1.0
65	3636	1.0
65	3635	1.0
65	3633	1.0
65	3632	1.0
65	3631	1.0
65	3630	1.0
65	3629	1.0
65	997	1.0
65	3627	1.0
65	3625	1.0
65	993	1.0
65	3623	1.0
65	3622	1.0
65	3619	1.0
65	3618	1.0
65	3617	1.0
65	3614	1.0
65	3613	1.0
65	3612	1.0
65	3611	1.0
65	3610	1.0
65	3609	1.0
65	3608	1.0
65	3607	1.0
65	3606	1.0
65	3605	1.0
65	3604	1.0
65	3603	1.0
65	3602	1.0
65	966	1.0
65	3596	1.0
65	3595	1.0
65	3594	1.0
65	3592	1.0
65	3588	1.0
65	3587	1.0
65	3586	1.0
65	3584	1.0
65	3583	1.0
65	3582	1.0
65	3581	1.0
65	947	1.0
65	3576	1.0
65	3571	1.0
65	3570	1.0
65	3569	1.0
65	3568	1.0
65	3567	1.0
65	3566	1.0
65	3565	1.0
65	3564	1.0
65	3563	1.0
65	3562	1.0
65	3560	1.0
65	3559	1.0
65	43	5.0
65	42	5.0
65	913	1.0
65	34	5.0
65	1734	1.0
65	907	1.0
65	29	5.0
65	28	5.0
65	1777	1.0
65	1776	1.0
65	1775	1.0
65	1774	1.0
65	1772	1.0
65	2647	1.0
65	2646	1.0
65	2645	1.0
65	13	5.0
65	2643	1.0
65	2641	1.0
65	9	5.0
65	2639	1.0
64	366	3.0
64	670	2.0
64	184	5.0
64	3092	1.0
64	860	1.0
64	471	2.0
64	565	2.0
64	467	2.0
64	560	2.0
64	2494	1.0
64	1618	1.0
64	3557	1.0
64	3556	1.0
64	3555	1.0
64	3554	1.0
64	3553	1.0
64	3552	1.0
64	3551	1.0
64	441	3.0
64	440	3.0
64	437	3.0
64	336	4.0
64	1969	1.0
64	512	2.0
64	704	2.0
64	507	2.0
64	1668	1.0
63	84	5.0
63	344	4.0
63	493	2.0
63	3091	1.0
63	3090	1.0
63	3089	1.0
63	467	2.0
63	2600	1.0
63	1049	1.0
63	170	5.0
63	263	5.0
63	2492	1.0
63	2491	1.0
63	545	2.0
63	738	2.0
63	3550	1.0
63	56	5.0
63	3547	1.0
63	3546	1.0
63	3545	1.0
63	3544	1.0
63	3541	1.0
63	1112	1.0
63	2812	1.0
63	1492	1.0
63	29	5.0
63	1194	1.0
63	1096	1.0
63	23	5.0
63	2638	1.0
63	497	2.0
63	2145	1.0
63	2144	1.0
63	1172	1.0
62	61	5.0
62	1359	1.0
62	42	5.0
62	791	2.0
62	2810	1.0
62	504	2.0
62	2380	1.0
62	1671	1.0
62	2133	1.0
62	1566	1.0
62	9	5.0
62	2637	1.0
62	955	1.0
62	1131	1.0
60	3538	1.0
60	3537	1.0
60	3536	1.0
60	3535	1.0
60	3534	1.0
60	3533	1.0
60	3532	1.0
60	3531	1.0
60	3530	1.0
60	3529	1.0
60	2143	1.0
60	3527	1.0
60	3526	1.0
60	3524	1.0
60	3523	1.0
60	3522	1.0
60	3521	1.0
60	3520	1.0
60	3518	1.0
60	3515	1.0
60	3513	1.0
60	3511	1.0
60	3510	1.0
60	3509	1.0
60	3508	1.0
60	3507	1.0
60	3506	1.0
60	3505	1.0
60	3503	1.0
60	3501	1.0
60	3500	1.0
60	3499	1.0
60	3085	1.0
60	3083	1.0
60	3081	1.0
60	2489	1.0
60	3079	1.0
60	3077	1.0
60	3076	1.0
60	2287	1.0
60	3074	1.0
60	3073	1.0
60	3072	1.0
60	3071	1.0
60	3070	1.0
60	2806	1.0
60	2636	1.0
60	2635	1.0
60	2633	1.0
60	2808	1.0
60	2215	1.0
60	2014	1.0
60	2285	1.0
60	2286	1.0
60	1603	1.0
60	2490	1.0
60	2379	1.0
59	1840	1.0
59	2805	1.0
59	430	3.0
59	959	1.0
59	647	2.0
59	1132	1.0
59	717	2.0
59	663	2.0
59	917	1.0
59	2013	1.0
59	458	3.0
59	939	1.0
59	841	1.0
59	1428	1.0
59	642	2.0
59	1707	1.0
59	443	3.0
59	634	2.0
59	433	3.0
59	626	2.0
59	334	4.0
59	527	2.0
59	426	3.0
59	1394	1.0
59	1294	1.0
59	898	1.0
59	1095	1.0
59	410	3.0
59	311	4.0
59	11	5.0
59	701	2.0
59	680	2.0
58	219	5.0
58	391	3.0
58	861	1.0
58	1763	1.0
58	1762	1.0
58	1306	1.0
58	1464	1.0
58	1961	1.0
58	367	3.0
58	366	3.0
58	1349	1.0
58	560	2.0
58	551	2.0
58	1203	1.0
58	543	2.0
58	342	4.0
58	144	5.0
58	337	4.0
58	336	4.0
58	925	1.0
58	1701	1.0
58	1700	1.0
58	700	2.0
58	1247	1.0
58	483	2.0
58	303	4.0
58	277	5.0
58	670	2.0
58	1061	1.0
58	270	5.0
58	322	4.0
58	1246	1.0
58	252	5.0
58	250	5.0
58	249	5.0
58	836	1.0
58	638	2.0
58	1228	1.0
58	437	3.0
58	428	3.0
58	416	3.0
58	1597	1.0
58	1187	1.0
56	3046	1.0
56	557	2.0
56	2486	1.0
56	2485	1.0
56	2483	1.0
56	2482	1.0
56	2481	1.0
56	2480	1.0
56	263	5.0
56	2141	1.0
56	2799	1.0
56	3069	1.0
56	3483	1.0
56	13	5.0
56	1669	1.0
56	1073	1.0
56	429	3.0
56	2075	1.0
56	1066	1.0
56	229	5.0
56	504	2.0
56	437	3.0
56	219	5.0
56	218	5.0
56	3064	1.0
56	767	2.0
56	488	2.0
56	2796	1.0
56	2142	1.0
56	756	2.0
56	2140	1.0
56	2139	1.0
56	1307	1.0
56	2780	1.0
56	731	2.0
56	3498	1.0
56	3497	1.0
56	3496	1.0
56	3495	1.0
56	3494	1.0
56	3493	1.0
56	3492	1.0
56	3490	1.0
56	3489	1.0
56	3488	1.0
56	3487	1.0
56	2376	1.0
56	2375	1.0
56	3481	1.0
56	3480	1.0
56	3479	1.0
56	3478	1.0
56	3476	1.0
56	3473	1.0
56	3471	1.0
56	421	3.0
56	419	3.0
56	2631	1.0
56	2630	1.0
56	2629	1.0
56	2628	1.0
56	2627	1.0
56	2626	1.0
56	2625	1.0
56	1511	1.0
56	399	3.0
56	119	5.0
56	1773	1.0
56	103	5.0
56	96	5.0
56	95	5.0
56	1466	1.0
56	352	3.0
56	1839	1.0
56	2012	1.0
56	2011	1.0
56	1706	1.0
56	1705	1.0
56	1427	1.0
56	1426	1.0
56	2804	1.0
56	31	5.0
56	861	1.0
56	29	5.0
56	2797	1.0
56	1411	1.0
56	24	5.0
56	299	4.0
56	3068	1.0
56	3067	1.0
56	3066	1.0
56	3065	1.0
56	17	5.0
56	3063	1.0
56	292	4.0
56	3060	1.0
56	3058	1.0
56	3056	1.0
56	3055	1.0
56	3054	1.0
56	3053	1.0
56	3052	1.0
56	3051	1.0
56	3050	1.0
56	3048	1.0
56	3047	1.0
55	187	5.0
55	441	3.0
55	391	3.0
55	1763	1.0
55	1762	1.0
55	1700	1.0
55	1961	1.0
55	367	3.0
55	366	3.0
55	560	2.0
55	1203	1.0
55	342	4.0
55	1324	1.0
55	1126	1.0
55	337	4.0
55	336	4.0
55	1701	1.0
55	1306	1.0
55	512	2.0
55	1102	1.0
55	853	1.0
55	700	2.0
55	303	4.0
55	105	5.0
55	288	4.0
55	1268	1.0
55	277	5.0
55	670	2.0
55	270	5.0
55	322	4.0
55	1246	1.0
55	252	5.0
55	249	5.0
55	836	1.0
55	638	2.0
55	440	3.0
55	437	3.0
55	428	3.0
55	2003	1.0
55	1800	1.0
55	416	3.0
55	1597	1.0
55	1187	1.0
54	1575	1.0
54	235	5.0
54	1175	1.0
54	1025	1.0
54	1616	1.0
54	1967	1.0
54	2624	1.0
54	160	5.0
54	1930	1.0
54	1338	1.0
54	545	2.0
54	931	1.0
54	927	1.0
54	138	5.0
54	724	2.0
54	1510	1.0
54	517	2.0
54	318	4.0
54	3469	1.0
54	3468	1.0
54	2280	1.0
54	1883	1.0
54	488	2.0
54	3045	1.0
54	3044	1.0
54	1262	1.0
54	1062	1.0
54	1447	1.0
54	64	5.0
54	457	3.0
54	59	5.0
54	643	2.0
54	1425	1.0
54	2212	1.0
54	1617	1.0
54	2010	1.0
54	1811	1.0
54	26	5.0
54	1009	1.0
54	15	5.0
54	603	2.0
54	1192	1.0
54	8	5.0
54	596	2.0
54	4	5.0
54	2	5.0
53	389	3.0
53	1573	1.0
53	1572	1.0
53	391	3.0
53	1175	1.0
53	972	1.0
53	184	5.0
53	1424	1.0
53	575	2.0
53	1574	1.0
53	1882	1.0
53	965	1.0
53	1161	1.0
53	367	3.0
53	366	3.0
53	1541	1.0
53	555	2.0
53	745	2.0
53	539	2.0
53	535	2.0
53	309	4.0
53	306	4.0
53	2074	1.0
53	497	2.0
53	1470	1.0
53	676	2.0
53	469	2.0
53	1838	1.0
53	458	3.0
53	648	2.0
53	252	5.0
53	441	3.0
53	440	3.0
53	636	2.0
53	1423	1.0
53	437	3.0
53	1810	1.0
53	1809	1.0
53	1412	1.0
53	225	5.0
53	1008	1.0
53	1393	1.0
53	1392	1.0
53	995	1.0
53	403	3.0
53	401	3.0
52	1126	1.0
52	560	2.0
52	322	4.0
52	367	3.0
52	366	3.0
52	224	5.0
52	270	5.0
52	219	5.0
52	483	2.0
52	512	2.0
52	303	4.0
52	700	2.0
52	249	5.0
52	342	4.0
52	670	2.0
52	105	5.0
52	336	4.0
52	288	4.0
52	428	3.0
52	144	5.0
51	270	5.0
51	3465	1.0
51	1002	1.0
51	720	2.0
51	511	2.0
51	323	4.0
50	483	2.0
50	270	5.0
50	861	1.0
50	469	2.0
50	3463	1.0
50	3462	1.0
50	252	5.0
50	249	5.0
50	440	3.0
50	342	4.0
50	1505	1.0
50	437	3.0
50	1212	1.0
50	144	5.0
50	337	4.0
50	322	4.0
50	224	5.0
50	512	2.0
50	1187	1.0
50	303	4.0
50	105	5.0
49	1837	1.0
49	2203	1.0
49	270	5.0
49	2479	1.0
49	1535	1.0
49	219	5.0
49	2073	1.0
49	1571	1.0
49	808	1.0
49	720	2.0
47	1126	1.0
47	560	2.0
47	277	5.0
47	322	4.0
47	270	5.0
47	440	3.0
47	483	2.0
47	512	2.0
47	303	4.0
47	302	4.0
47	441	3.0
47	252	5.0
47	342	4.0
47	670	2.0
47	105	5.0
47	437	3.0
47	337	4.0
47	336	4.0
47	428	3.0
47	144	5.0
44	1126	1.0
44	560	2.0
44	512	2.0
44	367	3.0
44	366	3.0
44	224	5.0
44	270	5.0
44	219	5.0
44	440	3.0
44	483	2.0
44	303	4.0
44	302	4.0
44	252	5.0
44	342	4.0
44	105	5.0
44	337	4.0
44	336	4.0
44	288	4.0
44	428	3.0
44	144	5.0
43	1535	1.0
43	219	5.0
43	82	5.0
43	193	5.0
43	1704	1.0
43	301	4.0
42	105	5.0
42	270	5.0
42	440	3.0
42	391	3.0
42	853	1.0
42	1566	1.0
42	367	3.0
42	366	3.0
42	555	2.0
42	543	2.0
42	144	5.0
42	1324	1.0
42	337	4.0
42	336	4.0
42	1505	1.0
42	1701	1.0
42	1700	1.0
42	219	5.0
42	700	2.0
42	303	4.0
42	302	4.0
42	288	4.0
42	483	2.0
42	1072	1.0
42	1464	1.0
42	277	5.0
42	1061	1.0
42	1249	1.0
42	322	4.0
42	1247	1.0
42	1246	1.0
42	252	5.0
42	250	5.0
42	249	5.0
42	441	3.0
42	1228	1.0
42	437	3.0
42	2003	1.0
42	224	5.0
42	1797	1.0
42	416	3.0
42	1203	1.0
41	3006	1.0
41	287	4.0
41	1836	1.0
41	1835	1.0
41	465	2.0
41	169	5.0
41	1411	1.0
41	648	2.0
41	3460	1.0
41	1808	1.0
41	449	3.0
41	344	4.0
41	343	4.0
41	2372	1.0
41	2795	1.0
41	522	2.0
41	3042	1.0
41	29	5.0
41	219	5.0
41	1671	1.0
41	212	5.0
41	782	2.0
41	2138	1.0
41	2137	1.0
40	184	5.0
40	219	5.0
40	866	1.0
40	441	3.0
40	87	5.0
40	510	2.0
40	473	2.0
40	860	1.0
40	277	5.0
40	670	2.0
40	565	2.0
40	467	2.0
40	757	2.0
40	2793	1.0
40	270	5.0
40	558	2.0
40	1732	1.0
40	252	5.0
40	2478	1.0
40	2477	1.0
40	2476	1.0
40	437	3.0
40	144	5.0
40	336	4.0
40	622	2.0
40	2794	1.0
40	1876	1.0
40	224	5.0
40	1484	1.0
40	719	2.0
40	1772	1.0
40	704	2.0
40	507	2.0
40	700	2.0
40	366	3.0
38	39	5.0
38	1377	1.0
38	236	5.0
38	1966	1.0
38	684	2.0
38	1422	1.0
38	180	5.0
38	572	2.0
38	964	1.0
38	564	2.0
38	2136	1.0
38	226	5.0
38	1539	1.0
38	552	2.0
38	2127	1.0
38	722	2.0
38	523	2.0
38	2279	1.0
38	2475	1.0
38	897	1.0
38	1091	1.0
38	3454	1.0
38	3449	1.0
38	886	1.0
38	1670	1.0
38	881	1.0
38	1469	1.0
38	3040	1.0
38	276	5.0
38	1063	1.0
38	2621	1.0
38	2620	1.0
38	2619	1.0
38	2618	1.0
38	44	5.0
38	2210	1.0
38	2009	1.0
38	2792	1.0
38	1015	1.0
38	423	3.0
38	1204	1.0
38	2370	1.0
37	2135	1.0
37	15	5.0
37	1600	1.0
37	239	5.0
37	100	5.0
37	2789	1.0
37	70	5.0
36	105	5.0
36	246	5.0
36	1965	1.0
36	490	2.0
36	173	5.0
36	708	2.0
36	838	1.0
36	169	5.0
36	1079	1.0
36	1326	1.0
36	1536	1.0
36	1669	1.0
36	516	2.0
36	157	5.0
36	2208	1.0
36	332	4.0
36	6	5.0
36	29	5.0
36	682	2.0
36	502	2.0
36	1928	1.0
36	1927	1.0
36	672	2.0
36	1445	1.0
36	310	4.0
36	667	2.0
36	1376	1.0
36	122	5.0
36	1806	1.0
36	1731	1.0
36	476	2.0
36	3038	1.0
36	113	5.0
36	2616	1.0
36	825	1.0
36	644	2.0
36	1538	1.0
36	1537	1.0
36	1178	1.0
36	2072	1.0
36	639	2.0
36	1171	1.0
36	95	5.0
36	1702	1.0
36	1489	1.0
36	1337	1.0
36	1693	1.0
36	73	5.0
36	2206	1.0
36	405	3.0
36	1143	1.0
36	605	2.0
36	783	2.0
36	66	5.0
36	2209	1.0
36	60	5.0
36	2207	1.0
36	1490	1.0
36	236	5.0
36	1488	1.0
36	232	5.0
36	51	5.0
36	478	2.0
36	3448	1.0
36	396	3.0
36	44	5.0
36	580	2.0
36	2369	1.0
36	41	5.0
36	754	2.0
36	1111	1.0
36	1640	1.0
36	23	5.0
36	375	3.0
36	16	5.0
36	1446	1.0
36	908	1.0
36	189	5.0
36	8	5.0
36	1410	1.0
36	5	5.0
36	1	5.0
34	1926	1.0
34	2205	1.0
34	1170	1.0
34	87	5.0
34	96	5.0
34	33	5.0
34	171	5.0
34	590	2.0
34	1568	1.0
34	304	4.0
34	913	1.0
34	535	2.0
34	2132	1.0
34	3447	1.0
34	2781	1.0
34	1509	1.0
34	1130	1.0
32	187	5.0
32	270	5.0
32	391	3.0
32	1763	1.0
32	1762	1.0
32	1306	1.0
32	1464	1.0
32	1566	1.0
32	1565	1.0
32	367	3.0
32	366	3.0
32	1349	1.0
32	560	2.0
32	551	2.0
32	543	2.0
32	342	4.0
32	144	5.0
32	336	4.0
32	1700	1.0
32	512	2.0
32	1102	1.0
32	1247	1.0
32	483	2.0
32	1072	1.0
32	1268	1.0
32	303	4.0
32	277	5.0
32	670	2.0
32	861	1.0
32	853	1.0
32	1246	1.0
32	252	5.0
32	250	5.0
32	249	5.0
32	836	1.0
32	638	2.0
32	440	3.0
32	437	3.0
32	2003	1.0
32	1800	1.0
32	416	3.0
32	1597	1.0
32	1187	1.0
31	105	5.0
31	322	4.0
31	441	3.0
31	861	1.0
31	1565	1.0
31	1306	1.0
31	1961	1.0
31	367	3.0
31	366	3.0
31	555	2.0
31	551	2.0
31	1535	1.0
31	342	4.0
31	144	5.0
31	1324	1.0
31	440	3.0
31	337	4.0
31	336	4.0
31	1701	1.0
31	1700	1.0
31	219	5.0
31	853	1.0
31	303	4.0
31	302	4.0
31	1268	1.0
31	1464	1.0
31	670	2.0
31	1061	1.0
31	469	2.0
31	270	5.0
31	1247	1.0
31	1246	1.0
31	252	5.0
31	913	1.0
31	250	5.0
31	1228	1.0
31	828	1.0
31	1800	1.0
31	1797	1.0
31	416	3.0
31	1203	1.0
31	1187	1.0
31	2367	1.0
30	2133	1.0
30	2132	1.0
30	137	5.0
30	2614	1.0
30	3436	1.0
30	667	2.0
30	1534	1.0
30	1727	1.0
30	655	2.0
30	751	2.0
30	2204	1.0
30	2785	1.0
30	1805	1.0
30	834	1.0
30	2069	1.0
30	3446	1.0
30	3445	1.0
30	2366	1.0
30	532	2.0
30	3441	1.0
30	3439	1.0
30	3034	1.0
30	2473	1.0
30	2365	1.0
30	230	5.0
30	131	5.0
30	2070	1.0
30	517	2.0
30	30	5.0
30	3035	1.0
30	1191	1.0
30	3033	1.0
30	3443	1.0
30	2471	1.0
30	791	2.0
30	596	2.0
30	395	3.0
30	2786	1.0
30	585	2.0
30	1881	1.0
30	1358	1.0
29	670	2.0
29	277	5.0
29	1730	1.0
29	560	2.0
29	1247	1.0
29	1228	1.0
29	1126	1.0
29	249	5.0
29	1800	1.0
29	441	3.0
29	1701	1.0
29	342	4.0
29	1211	1.0
29	337	4.0
29	1306	1.0
29	428	3.0
29	1008	1.0
29	322	4.0
29	224	5.0
29	512	2.0
29	219	5.0
29	1961	1.0
29	302	4.0
29	1268	1.0
28	1444	1.0
28	710	2.0
28	1922	1.0
28	1920	1.0
28	657	2.0
28	942	1.0
28	2007	1.0
28	2006	1.0
28	1034	1.0
28	1129	1.0
28	685	2.0
28	642	2.0
28	542	2.0
28	1964	1.0
28	1698	1.0
28	2597	1.0
28	526	2.0
28	3435	1.0
28	3434	1.0
28	3432	1.0
28	3431	1.0
28	3430	1.0
28	1877	1.0
28	1876	1.0
28	3427	1.0
28	2068	1.0
28	798	2.0
28	3426	1.0
28	3428	1.0
28	3429	1.0
28	304	4.0
28	590	2.0
28	588	2.0
28	679	2.0
27	2613	1.0
27	2611	1.0
27	2610	1.0
27	851	1.0
27	1190	1.0
27	3029	1.0
27	2202	1.0
27	2783	1.0
27	1230	1.0
27	1325	1.0
27	1613	1.0
27	2067	1.0
27	1308	1.0
27	2467	1.0
27	2470	1.0
27	1109	1.0
27	2784	1.0
27	1880	1.0
27	2363	1.0
27	3025	1.0
27	3417	1.0
27	3424	1.0
27	3423	1.0
27	3416	1.0
27	3420	1.0
27	3419	1.0
27	3418	1.0
27	3421	1.0
27	797	2.0
27	3415	1.0
27	3411	1.0
27	790	2.0
27	2782	1.0
27	1067	1.0
26	478	2.0
26	89	5.0
26	457	3.0
26	2609	1.0
26	490	2.0
26	758	2.0
26	102	5.0
26	461	2.0
26	1041	1.0
26	1040	1.0
26	2781	1.0
26	1127	1.0
26	491	2.0
26	147	5.0
26	240	5.0
26	1015	1.0
26	2275	1.0
26	2608	1.0
26	2466	1.0
26	229	5.0
26	2362	1.0
26	2361	1.0
26	517	2.0
26	128	5.0
26	29	5.0
26	125	5.0
26	3409	1.0
26	315	4.0
26	1769	1.0
26	1768	1.0
26	1375	1.0
26	208	5.0
26	1466	1.0
26	1269	1.0
26	782	2.0
26	556	2.0
26	195	5.0
21	299	4.0
21	2360	1.0
21	1767	1.0
21	1963	1.0
21	384	3.0
21	377	3.0
21	174	5.0
21	563	2.0
21	953	1.0
21	2130	1.0
21	2129	1.0
21	351	3.0
21	139	5.0
21	525	2.0
21	1307	1.0
21	318	4.0
21	107	5.0
21	496	2.0
21	2465	1.0
21	2464	1.0
21	294	4.0
21	2066	1.0
21	2065	1.0
21	1465	1.0
21	1067	1.0
21	74	5.0
21	3024	1.0
21	3023	1.0
21	65	5.0
21	1442	1.0
21	1441	1.0
21	1834	1.0
21	3408	1.0
21	1027	1.0
21	38	5.0
21	2005	1.0
21	2004	1.0
21	32	5.0
21	1803	1.0
21	1802	1.0
21	28	5.0
21	1601	1.0
21	2779	1.0
21	414	3.0
21	210	5.0
20	105	5.0
20	270	5.0
20	391	3.0
20	1763	1.0
20	1565	1.0
20	184	5.0
20	1701	1.0
20	367	3.0
20	366	3.0
20	560	2.0
20	543	2.0
20	144	5.0
20	1324	1.0
20	1126	1.0
20	336	4.0
20	925	1.0
20	1228	1.0
20	1700	1.0
20	700	2.0
20	302	4.0
20	2064	1.0
20	288	4.0
20	483	2.0
20	1464	1.0
20	277	5.0
20	1061	1.0
20	861	1.0
20	1249	1.0
20	322	4.0
20	1247	1.0
20	1246	1.0
20	3407	1.0
20	252	5.0
20	250	5.0
20	249	5.0
20	836	1.0
20	638	2.0
20	437	3.0
20	428	3.0
20	2003	1.0
20	224	5.0
20	1797	1.0
20	219	5.0
19	1506	1.0
19	2462	1.0
19	3	5.0
19	4	5.0
19	1088	1.0
19	128	5.0
19	845	1.0
19	1766	1.0
19	1765	1.0
19	118	5.0
19	1350	1.0
19	3404	1.0
19	3403	1.0
19	3402	1.0
19	3401	1.0
19	3400	1.0
19	3398	1.0
19	3397	1.0
19	2127	1.0
19	2272	1.0
19	239	5.0
19	2775	1.0
19	1600	1.0
19	92	5.0
19	1323	1.0
19	1729	1.0
19	1728	1.0
19	1177	1.0
19	1176	1.0
19	591	2.0
19	2128	1.0
19	757	2.0
19	70	5.0
19	475	2.0
19	1003	1.0
19	1567	1.0
19	1702	1.0
19	876	1.0
19	53	5.0
19	1833	1.0
19	1421	1.0
19	1962	1.0
19	454	3.0
19	2776	1.0
19	446	3.0
19	2773	1.0
19	28	5.0
19	2356	1.0
19	2355	1.0
19	160	5.0
19	994	1.0
19	1801	1.0
19	386	3.0
19	3022	1.0
19	7	5.0
19	3020	1.0
19	3019	1.0
19	3018	1.0
19	2606	1.0
19	3016	1.0
19	1508	1.0
19	1507	1.0
18	187	5.0
18	322	4.0
18	441	3.0
18	638	2.0
18	861	1.0
18	1763	1.0
18	1762	1.0
18	184	5.0
18	1566	1.0
18	1961	1.0
18	366	3.0
18	1349	1.0
18	551	2.0
18	342	4.0
18	144	5.0
18	1324	1.0
18	1126	1.0
18	337	4.0
18	336	4.0
18	925	1.0
18	1701	1.0
18	1700	1.0
18	1102	1.0
18	700	2.0
18	1247	1.0
18	302	4.0
18	1268	1.0
18	303	4.0
18	277	5.0
18	670	2.0
18	1061	1.0
18	270	5.0
18	853	1.0
18	1246	1.0
18	252	5.0
18	249	5.0
18	836	1.0
18	1306	1.0
18	437	3.0
18	2003	1.0
18	416	3.0
18	1597	1.0
18	1187	1.0
17	3393	1.0
17	1258	1.0
17	3391	1.0
17	2126	1.0
17	2125	1.0
17	2603	1.0
17	952	1.0
17	1142	1.0
17	2200	1.0
17	1227	1.0
17	2002	1.0
17	2001	1.0
17	2772	1.0
17	2770	1.0
17	1799	1.0
17	1699	1.0
17	1599	1.0
17	1598	1.0
17	1305	1.0
17	1304	1.0
17	2269	1.0
17	2461	1.0
17	3392	1.0
17	2353	1.0
17	1188	1.0
17	2769	1.0
17	1960	1.0
17	1764	1.0
17	1374	1.0
17	1373	1.0
17	885	1.0
17	3015	1.0
17	3014	1.0
17	3012	1.0
17	3010	1.0
17	3009	1.0
17	3396	1.0
17	3395	1.0
15	105	5.0
15	1349	1.0
15	184	5.0
15	288	4.0
15	861	1.0
15	670	2.0
15	469	2.0
15	853	1.0
15	270	5.0
15	560	2.0
15	555	2.0
15	551	2.0
15	1797	1.0
15	543	2.0
15	250	5.0
15	249	5.0
15	441	3.0
15	925	1.0
15	342	4.0
15	1505	1.0
15	437	3.0
15	144	5.0
15	1246	1.0
15	336	4.0
15	428	3.0
15	322	4.0
15	416	3.0
15	440	3.0
15	1187	1.0
15	1763	1.0
15	1762	1.0
15	303	4.0
15	366	3.0
15	391	3.0
14	483	2.0
14	288	4.0
14	1349	1.0
14	184	5.0
14	638	2.0
14	277	5.0
14	670	2.0
14	469	2.0
14	853	1.0
14	367	3.0
14	560	2.0
14	1246	1.0
14	551	2.0
14	543	2.0
14	250	5.0
14	249	5.0
14	441	3.0
14	925	1.0
14	437	3.0
14	337	4.0
14	336	4.0
14	322	4.0
14	224	5.0
14	416	3.0
14	440	3.0
14	219	5.0
14	1187	1.0
14	700	2.0
14	303	4.0
14	302	4.0
14	1464	1.0
14	105	5.0
14	1072	1.0
14	1358	1.0
13	974	1.0
13	2114	1.0
13	972	1.0
13	2601	1.0
13	483	2.0
13	3373	1.0
13	1162	1.0
13	3376	1.0
13	1596	1.0
13	1691	1.0
13	1877	1.0
13	2258	1.0
13	951	1.0
13	3378	1.0
13	3379	1.0
13	2602	1.0
13	3389	1.0
13	1921	1.0
13	1920	1.0
13	3004	1.0
13	3385	1.0
13	3384	1.0
13	1915	1.0
13	1914	1.0
13	3390	1.0
13	3381	1.0
13	3382	1.0
13	279	4.0
13	3375	1.0
13	440	3.0
13	437	3.0
13	3386	1.0
13	596	2.0
13	2060	1.0
13	2055	1.0
13	2766	1.0
13	2053	1.0
13	2112	1.0
13	252	5.0
13	1388	1.0
13	1876	1.0
13	2199	1.0
13	2198	1.0
13	3006	1.0
13	560	2.0
13	2352	1.0
13	1698	1.0
13	1692	1.0
13	1202	1.0
13	875	1.0
13	2992	1.0
13	2991	1.0
13	2990	1.0
13	863	1.0
13	1348	1.0
13	532	2.0
13	366	3.0
13	1666	1.0
13	679	2.0
13	26	5.0
13	512	2.0
13	837	1.0
13	184	5.0
13	1161	1.0
13	3005	1.0
13	336	4.0
13	1959	1.0
13	1795	1.0
12	245	5.0
12	973	1.0
12	1564	1.0
12	578	2.0
12	1407	1.0
12	369	3.0
12	1336	1.0
12	2123	1.0
12	2121	1.0
12	148	5.0
12	1218	1.0
12	1697	1.0
12	1087	1.0
12	2268	1.0
12	2267	1.0
12	884	1.0
12	1277	1.0
12	1276	1.0
12	2457	1.0
12	2456	1.0
12	482	2.0
12	283	4.0
12	1463	1.0
12	671	2.0
12	1048	1.0
12	1638	1.0
12	447	3.0
12	1035	1.0
12	3003	1.0
12	629	2.0
12	1021	1.0
12	231	5.0
12	2197	1.0
12	1408	1.0
12	1998	1.0
12	1997	1.0
12	814	1.0
12	3372	1.0
12	3371	1.0
12	1794	1.0
12	1593	1.0
12	1592	1.0
12	1590	1.0
12	1389	1.0
10	483	2.0
10	676	2.0
10	270	5.0
10	3001	1.0
10	322	4.0
10	2999	1.0
10	2998	1.0
10	184	5.0
10	288	4.0
10	277	5.0
10	828	1.0
10	938	1.0
10	659	2.0
10	367	3.0
10	560	2.0
10	1175	1.0
10	907	1.0
10	550	2.0
10	1126	1.0
10	252	5.0
10	249	5.0
10	441	3.0
10	440	3.0
10	342	4.0
10	337	4.0
10	336	4.0
10	428	3.0
10	813	1.0
10	3000	1.0
10	516	2.0
10	512	2.0
10	219	5.0
10	1187	1.0
10	700	2.0
10	1275	1.0
10	303	4.0
10	302	4.0
10	105	5.0
9	670	2.0
9	184	5.0
9	860	1.0
9	565	2.0
9	366	3.0
9	836	1.0
9	252	5.0
9	249	5.0
9	441	3.0
9	440	3.0
9	342	4.0
9	437	3.0
9	336	4.0
9	622	2.0
9	1008	1.0
9	224	5.0
9	512	2.0
9	704	2.0
9	509	2.0
9	507	2.0
9	1958	1.0
8	1	5.0
8	641	2.0
8	374	3.0
8	373	3.0
8	1485	1.0
8	2266	1.0
8	1532	1.0
8	1127	1.0
8	2118	1.0
8	1504	1.0
8	388	3.0
8	2264	1.0
8	3363	1.0
8	360	3.0
8	1873	1.0
8	734	2.0
8	12	5.0
8	1487	1.0
8	728	2.0
8	2996	1.0
8	2995	1.0
8	2994	1.0
8	37	5.0
8	716	2.0
8	3366	1.0
8	3365	1.0
8	331	4.0
8	707	2.0
8	2598	1.0
8	2597	1.0
8	2596	1.0
8	2594	1.0
8	315	4.0
8	690	2.0
8	1066	1.0
8	412	3.0
8	2196	1.0
8	2195	1.0
8	678	2.0
8	298	4.0
8	297	4.0
8	296	4.0
8	294	4.0
8	1420	1.0
8	282	4.0
8	1793	1.0
8	1792	1.0
8	272	5.0
8	1406	1.0
8	262	5.0
8	1243	1.0
8	1245	1.0
8	1014	1.0
8	630	2.0
8	628	2.0
8	1761	1.0
8	623	2.0
8	240	5.0
8	515	2.0
8	236	5.0
8	235	5.0
8	234	5.0
8	609	2.0
8	150	5.0
8	226	5.0
8	982	1.0
8	602	2.0
8	2117	1.0
8	219	5.0
8	593	2.0
8	1347	1.0
8	200	5.0
8	577	2.0
8	576	2.0
8	2058	1.0
8	937	1.0
8	188	5.0
8	185	5.0
8	1693	1.0
8	1694	1.0
8	1695	1.0
8	1225	1.0
8	2453	1.0
8	178	5.0
8	935	1.0
8	175	5.0
8	173	5.0
8	551	2.0
8	2452	1.0
8	1303	1.0
8	2059	1.0
8	214	5.0
8	2057	1.0
8	161	5.0
8	916	1.0
8	156	5.0
8	154	5.0
8	532	2.0
8	529	2.0
8	149	5.0
8	147	5.0
8	143	5.0
8	142	5.0
8	141	5.0
8	812	1.0
8	2116	1.0
8	514	2.0
8	993	1.0
8	1267	1.0
8	129	5.0
8	127	5.0
8	125	5.0
8	498	2.0
8	491	2.0
8	2764	1.0
8	2763	1.0
8	2762	1.0
8	2761	1.0
8	1244	1.0
8	2759	1.0
8	105	5.0
8	1241	1.0
8	1240	1.0
8	1996	1.0
8	1994	1.0
8	1614	1.0
8	1613	1.0
8	1612	1.0
8	91	5.0
8	1226	1.0
8	88	5.0
8	87	5.0
8	454	3.0
8	73	5.0
8	1588	1.0
8	71	5.0
8	449	3.0
8	823	1.0
8	64	5.0
8	438	3.0
8	694	2.0
8	427	3.0
8	1563	1.0
8	46	5.0
8	423	3.0
8	1086	1.0
8	40	5.0
8	418	3.0
8	796	2.0
8	795	2.0
8	415	3.0
8	1092	1.0
8	406	3.0
8	26	5.0
8	1919	1.0
8	1918	1.0
8	1917	1.0
8	21	5.0
8	395	3.0
8	1150	1.0
8	1149	1.0
8	6	5.0
8	762	2.0
8	380	3.0
5	670	2.0
5	542	2.0
5	507	2.0
5	560	2.0
5	264	5.0
5	2592	1.0
5	2591	1.0
5	2590	1.0
5	2589	1.0
5	972	1.0
5	2450	1.0
5	2449	1.0
5	2593	1.0
5	2993	1.0
5	252	5.0
5	1072	1.0
5	483	2.0
5	382	3.0
5	2984	1.0
5	106	5.0
5	3359	1.0
5	1061	1.0
5	512	2.0
5	700	2.0
5	510	2.0
5	509	2.0
5	836	1.0
5	781	2.0
5	94	5.0
5	366	3.0
5	1872	1.0
5	3360	1.0
5	2451	1.0
5	2985	1.0
5	1034	1.0
5	622	2.0
5	3361	1.0
5	620	2.0
5	2990	1.0
5	3358	1.0
5	2261	1.0
5	1438	1.0
5	2983	1.0
5	336	4.0
5	2986	1.0
5	736	2.0
5	187	5.0
5	596	2.0
5	184	5.0
5	588	2.0
5	860	1.0
5	306	4.0
5	656	2.0
5	441	3.0
5	440	3.0
5	1202	1.0
5	2755	1.0
5	2754	1.0
5	2753	1.0
5	2752	1.0
5	2751	1.0
5	657	2.0
5	693	2.0
5	261	5.0
5	822	1.0
4	337	4.0
4	1125	1.0
4	184	5.0
4	2349	1.0
4	1667	1.0
4	1914	1.0
4	2111	1.0
4	1159	1.0
4	764	2.0
4	367	3.0
4	366	3.0
4	364	3.0
4	560	2.0
4	342	4.0
4	1916	1.0
4	1915	1.0
4	1322	1.0
4	336	4.0
4	512	2.0
4	277	5.0
4	890	1.0
4	288	4.0
4	1666	1.0
4	875	1.0
4	2055	1.0
4	2054	1.0
4	2052	1.0
4	868	1.0
4	270	5.0
4	2258	1.0
4	1831	1.0
4	844	1.0
4	249	5.0
4	440	3.0
4	635	2.0
4	437	3.0
4	1419	1.0
4	2192	1.0
4	1993	1.0
4	219	5.0
4	2112	1.0
4	2113	1.0
4	1587	1.0
4	1388	1.0
