3151	3688,2558,1769,436,3343,870,187,381,577,1394,1562,3724,3723,1964,3325,3323,2928,2138,2331,950,3619,3322,150,3104,2709,1127,1323,927,1317,2497,1901,1504,1499,315,2676,3654,105,2862,2463,1264,476,3823,2629,270,2237,660,3811,658,3809,656,3212,451,250,3424,1036,1626,2214,2014,2407,2997,2203,1806,1608,2866,815,1008,1005,3364,802,183,3948,991,2565,2759,394
2558	3688,1769,436,3343,870,187,381,577,1394,3724,3723,1964,3325,3323,3322,2138,2331,950,3619,150,3104,2709,1127,1323,927,1317,2497,3151,1901,1504,1499,2089,315,2676,3654,105,2862,2463,1264,476,3823,270,2436,2237,660,2629,658,3809,656,3212,451,250,1036,1626,2214,2014,2407,2997,2203,1806,1608,1008,3364,3948,991,2565,2759,394
1769	3688,2558,436,3343,870,187,381,577,1394,1562,3724,3723,1964,3325,3323,2928,2138,2331,950,3619,3322,150,3104,2709,1127,1323,927,1317,2497,3151,1901,1899,1504,1499,315,2676,3654,105,2862,2463,1264,476,3823,3424,270,2237,660,2629,658,3809,656,3212,451,250,1036,1626,2214,2014,2407,2997,2203,1806,1608,2866,815,1008,1005,3364,802,183,3948,991,2565,2759,394
476	3151,2558,1769,577,1964,187,1127,381,183,1394,1562,3724,3723,3325,3323,3322,2862,2928,950,150,3104,2709,3688,1323,927,1317,2497,1901,1899,1504,1499,2089,270,2676,2866,105,3343,2463,2997,870,3823,3424,3619,2237,660,2629,3809,656,3212,451,250,1036,1626,2014,2407,436,1811,2203,1806,1608,315,815,1008,1005,3364,802,3948,991,2565,790,2759,394
1964	3151,2558,1769,476,3343,187,1127,381,183,1394,1562,3724,3723,2138,3325,3323,3322,2866,2928,2331,950,150,3104,2709,3688,1323,927,1317,2497,1901,1504,1499,2089,270,2676,3654,105,2862,2463,2997,1264,870,3823,3424,3619,2237,660,2629,658,3809,656,3212,451,250,1036,1626,2214,2014,2407,436,2203,1806,1608,315,815,1008,1005,3364,802,577,3948,991,2565,2759,394
187	3688,2558,1769,436,3343,870,381,577,1394,1562,3724,3723,1964,3325,3323,2928,2138,2331,950,3619,3322,150,3104,2709,1127,1323,927,1317,2497,3151,1901,1504,1499,2089,315,2676,3654,105,2862,2463,1264,476,3823,3424,270,2237,660,2629,658,3809,656,3212,451,250,1036,1626,2214,2014,2407,2997,2203,1806,1608,2866,815,1008,1005,3364,802,183,3948,991,2565,2759,394
1127	3151,2558,1769,577,1964,187,381,183,1394,1562,3724,3723,2138,3325,3323,3322,2866,2928,2331,950,150,3104,2709,3688,1323,927,1317,2497,1901,1504,1499,270,2676,3654,105,3343,2463,2997,1264,870,3823,3424,3619,2237,660,2629,658,3809,656,3212,451,250,1036,1626,2214,2014,2407,436,2203,2862,1806,1608,315,815,1008,1005,476,3364,802,3948,991,2565,2759,394
381	3151,2558,1769,476,1964,187,1127,1264,183,1394,1562,3724,3723,2138,3325,3323,3322,2866,2928,2331,950,150,3104,2709,3688,1323,927,1317,2497,1901,1504,1499,270,2676,3654,105,3343,2463,2997,870,3823,3424,3619,2237,660,2629,658,3809,656,3212,451,250,1036,1626,2214,2014,2407,436,2203,2862,1806,1608,315,815,1008,1005,3364,802,577,3948,991,2565,790,2759,394
183	3688,1769,436,3343,870,187,381,577,1394,1562,3724,3723,1964,3325,3323,3322,2138,2928,3151,950,3619,150,3104,2709,1127,1323,927,1317,2497,1901,1504,1499,315,2676,3654,105,2862,2463,476,3823,3424,270,2237,660,2629,658,3809,656,3212,250,1036,1626,2214,2014,2407,2997,2203,1806,1608,2866,815,1008,1005,3364,802,3948,991,2565,2759,394
1394	3151,2558,1769,476,1964,187,1127,381,183,1562,3724,3723,2138,3325,3323,3322,2866,2928,2331,950,150,3104,2709,3688,1323,927,1317,2497,1901,1504,1499,2089,270,2676,3654,105,3343,2463,2997,1264,870,3823,3424,3619,2237,660,2629,658,3809,656,3212,451,250,1036,1626,2214,2014,2407,436,2203,2862,1806,1608,315,815,1008,1005,3364,802,577,3948,991,2565,2759,394
1562	3688,1769,436,3343,870,187,381,577,1394,3724,3723,1964,3325,3323,3322,2928,3151,950,3619,150,3104,2709,1127,1323,927,1317,2497,1901,1501,1499,2089,315,2676,2866,105,2862,2463,476,3823,3424,270,2237,2629,3809,656,3212,250,1036,1626,2014,2407,2997,1811,2203,1806,1608,815,1008,1005,3364,802,183,3948,991,2565,2759,394
3724	3151,2558,1769,476,1964,187,1127,381,183,1394,1562,3723,2138,3325,3323,3322,2866,2928,2331,950,150,3104,2709,3688,1323,927,1317,2497,1901,1504,1499,270,2676,3654,105,3343,2463,2997,1264,870,3823,3424,3619,2237,660,2629,658,3809,656,3212,451,250,1036,1626,2214,2014,2407,436,2203,2862,1806,1608,315,815,1008,1005,3364,802,577,3948,991,2565,2759,394
3723	3151,2558,1769,476,1964,187,1127,381,183,1394,1562,3724,2138,3325,3323,3322,2866,2928,2331,950,150,3104,2709,3688,1323,927,1317,2497,1901,1504,1499,270,2676,3654,105,3343,2463,2997,1264,870,3823,3424,3619,2436,2237,660,2629,658,3809,656,3212,451,250,1036,1626,2214,2014,2407,436,2203,2862,1806,1608,315,815,1008,1005,3364,802,577,3948,991,2565,790,2759,394
1990	3688,2214,1499
3325	3688,2558,1769,436,3343,870,187,381,577,1394,1562,3724,3723,1964,3323,2928,2138,3515,2331,950,3619,3322,150,3104,2709,1127,1323,927,1317,2497,3151,1901,1504,1499,315,2676,3654,105,2862,2463,1264,476,3823,3424,270,2237,660,2629,658,3809,656,3212,451,250,1036,1626,2214,2014,2407,2997,2203,1806,1608,2866,815,1008,3567,1005,3364,802,183,3948,991,2565,2759,394
3323	3688,2558,1769,436,3343,870,187,381,577,1394,1562,3724,3723,1964,3325,2928,2138,3515,2331,950,3619,3322,150,3104,2709,1127,1323,927,1317,2497,3151,1901,1504,1499,315,2676,3654,105,2862,2463,1264,476,3823,3424,270,2237,660,2629,658,3809,656,3212,451,250,1036,1626,2214,2014,2407,2997,2203,1806,1608,2866,815,1008,3567,1005,3364,802,183,3948,991,2565,2759,394
3322	3688,2558,1769,436,3343,870,187,381,577,1394,1562,3724,3723,1964,3325,3323,2928,2138,3515,2331,950,3619,150,3104,2709,1127,1323,927,1317,2497,3151,1901,1504,1499,2089,315,2676,3654,105,2862,2463,1264,476,3823,3424,270,2237,660,2629,658,3809,656,3212,451,250,1036,1626,2214,2014,2407,2997,2203,1806,1608,2866,815,1008,3567,1005,3364,802,183,3948,991,2565,2759,394
2138	183,2558,1769,436,3343,870,187,381,577,1394,3724,3723,1964,3325,3323,3322,2866,2928,2331,950,3688,150,3104,2709,1127,1323,927,1317,2497,3151,1901,1899,1504,1499,2089,315,3654,105,2862,2463,1264,3823,3619,2436,2237,660,2629,658,3809,451,250,1036,1626,2214,2014,2407,2997,2203,1806,1608,1008,3364,3948,991,2565,2759,394
2928	3688,1769,436,3343,870,187,381,577,1394,1562,3724,3723,1964,3325,3323,3322,2138,3151,950,3619,150,3104,2709,1127,1323,927,1317,2497,1901,1499,2089,315,2676,3654,105,2862,2463,476,2629,270,2436,2237,3811,3809,656,3212,250,3424,1036,1626,2214,2014,2407,2997,2203,1806,1608,2866,815,1008,1005,3364,802,183,3948,991,2565,2759,394
2331	3688,2558,1769,436,3343,870,187,381,577,1394,3724,3723,1964,3325,3323,3322,2138,3151,950,3619,150,3104,2709,1127,1323,927,1317,2497,1901,1899,1504,1499,2089,315,3654,105,2862,2463,1264,3823,3424,270,2237,660,2629,658,3809,656,3212,451,250,1036,1626,2214,2014,2407,2997,2203,1806,1608,2866,1008,1005,3364,3948,991,2565,2759,394
950	3151,2558,1769,476,1964,187,1127,381,183,1394,1562,3724,3723,2138,3325,3323,3322,2866,2928,2331,3343,150,3104,2709,3688,1323,927,1317,2497,1901,1504,1501,1499,2089,270,2676,3654,105,2862,2463,2997,1264,870,3823,3424,3619,2237,660,2629,658,3809,656,3212,451,250,1036,1626,2214,2014,2407,436,2203,1806,1608,315,815,1008,1005,3364,802,577,3948,991,2565,2759,394
3654	183,2558,1769,436,3343,870,187,381,577,1394,3724,3723,1964,3325,3323,3322,2138,2928,2331,950,3688,150,3104,2709,1127,1323,927,1317,2497,3151,1901,1504,1499,2089,315,2866,105,2862,2463,1264,3823,3619,2237,660,2629,658,3809,451,250,1036,1626,2214,2014,2407,2997,2203,1806,1608,1008,3364,3948,991,2565,2759,394
3811	3515,2407,658,1317,3619,2928,2214,927,991,3151
3515	3811,3948,658,3325,3323,3322,3567
150	3688,2558,1769,436,3343,870,187,381,577,1394,1562,3724,3723,1964,3325,3323,2928,2138,2331,950,3619,3322,3104,2709,1127,1323,927,1317,2497,3151,1901,1899,1504,1499,315,2676,3654,105,2862,2463,1264,476,3823,3424,270,2237,660,2629,658,3809,656,3212,451,250,1036,1626,2214,2014,2407,2997,1811,2203,1806,1608,2866,815,1008,1005,3364,802,183,3948,991,2565,2759,394
3104	3688,2558,1769,436,3343,870,187,381,577,1394,1562,3724,3723,1964,3325,3323,2928,2138,2331,950,3619,3322,150,2709,1127,1323,927,1317,2497,3151,1901,1504,1499,2089,315,2676,3654,105,2862,2463,1264,476,3823,3424,270,2237,660,2629,658,3809,656,3212,451,250,1036,1626,2214,2014,2407,2997,2203,1806,1608,2866,815,1008,1005,3364,802,183,3948,991,2565,2759,394
2709	3688,2558,1769,436,3343,870,187,381,577,1394,1562,3724,3723,1964,3325,3323,2928,2138,2331,950,3619,3322,150,3104,1127,1323,927,1317,2497,3151,1901,1504,1499,2089,315,2676,3654,105,2862,2463,1264,476,3823,3424,270,2436,2237,660,2629,658,3809,656,3212,451,250,1036,1626,2214,2014,2407,2997,2203,1806,1608,2866,815,1008,1005,3364,802,183,3948,991,2565,2759,394
3688	3151,2558,1769,476,1964,187,1005,381,183,1394,1562,3724,3723,2138,3325,3323,3322,2866,2928,2331,950,150,3104,2709,1127,1323,927,1317,2497,1901,1504,1501,1499,2089,270,2676,3654,105,3343,2463,2997,1264,870,3823,3424,3619,2237,660,2629,658,3809,656,3212,451,250,1036,1626,2214,2014,2407,436,2203,2862,1806,1608,315,815,1008,1990,3364,802,577,3948,991,2565,2759,394
1323	3151,2558,1769,476,1964,187,1127,381,183,1394,1562,3724,3723,2138,3325,3323,3322,2866,2928,2331,950,150,3104,2709,3688,927,1317,2497,1901,1504,1499,2089,270,2676,3654,105,3343,2463,2997,1264,870,3823,3424,3619,2237,660,2629,658,3809,656,3212,451,250,1036,1626,2214,2014,2407,436,2203,2862,1806,1608,315,815,1008,1005,3364,802,577,3948,991,2565,2759,394
927	3688,2558,1769,436,3343,870,187,381,577,1394,1562,3724,3723,1964,3325,3323,2928,2138,2331,950,3619,3322,150,3104,2709,1127,1323,1317,2497,3151,1901,1504,1499,2089,315,2676,3654,105,2862,2463,1264,476,3823,2629,270,2237,660,3811,658,3809,656,3212,451,250,3424,1036,1626,2214,2014,2407,2997,2203,1806,1608,2866,815,1008,1005,3364,802,183,3948,991,2565,2759,394
1317	3151,2558,1769,476,1964,187,1127,381,183,1394,1562,3724,3723,2138,3325,3323,3322,2866,2928,2331,950,3811,150,3104,2709,3688,1323,927,2497,1901,1504,1501,1499,2089,270,2676,3654,105,3343,2463,2997,1264,870,3823,3424,3619,2237,660,2629,658,3809,656,3212,451,250,1036,1626,2214,2014,2407,436,2203,2862,1806,1608,315,815,1008,1005,3364,802,577,3948,991,2565,2759,394
2497	3151,2558,1769,476,1964,187,1127,381,183,1394,1562,3724,3723,2138,3325,3323,3322,2866,2928,2331,270,950,150,3104,2709,3688,1323,927,1317,3343,1901,1899,1504,1499,315,2676,3654,105,2862,2463,2997,1264,870,3823,3424,3619,2436,2237,660,2629,658,3809,656,3212,451,250,1036,1626,2214,2014,2407,436,1811,2203,1806,1608,815,1008,1005,3364,802,577,3948,991,2565,2759,394
1901	3151,2558,1769,476,1964,187,1127,381,183,1394,1562,3724,3723,2138,3325,3323,3322,2866,2928,2331,950,150,3104,2709,3688,1323,927,1317,2497,1899,1504,1499,270,2676,3654,105,3343,2463,2997,1264,870,3823,3424,3619,2237,660,2629,658,3809,656,3212,451,250,1036,1626,2214,2014,2407,436,2203,2862,1806,1608,315,815,1008,1005,3364,802,577,3948,991,2565,2759,394
1899	2676,150,2331,2997,2497,2237,451,1811,870,2138,2089,1806,3823,1769,1901,476,991,802,660,1504
1504	183,2558,1769,436,3343,870,187,381,577,1394,3724,3723,1964,3325,3323,3322,2138,2331,950,3688,150,3104,2709,1127,1323,927,1317,2497,3151,1901,1899,1499,315,2676,3654,105,2862,2463,1264,476,3823,3619,2436,2237,660,2629,658,3809,656,451,250,1036,1626,2214,2014,2407,2997,1811,2203,1806,1608,815,1008,1005,3364,802,3948,991,2565,2759,394
1501	870,2997,950,1036,656,1317,2203,3948,3364,1811,1562,1626,2676,1608,2014,2089,436,1499,3823,1005,2629,105,394,3688
1499	3151,2558,1769,476,1964,187,1005,381,183,1394,1562,3724,3723,2138,3325,3323,3322,2866,2928,2331,950,150,3104,2709,3688,1323,927,1317,2497,1901,1504,1501,270,2676,3654,105,3343,2463,2997,1264,870,3823,1127,3424,3619,2237,660,2629,658,3809,656,3212,451,250,1036,1626,2214,2014,2407,436,1811,2203,2862,1806,1608,315,815,1008,3567,1990,3364,802,577,3948,991,2565,2759,394
2089	870,577,187,476,2997,656,2407,950,270,2014,1317,3948,1501,3654,1323,1806,1899,250,927,436,2463,2558,2759,2709,1008,1394,1005,3322,802,1964,2928,3809,3212,1562,2138,2331,3688,3104
270	3151,2558,1769,476,1964,187,1127,381,183,1394,1562,3724,3723,3325,3323,3322,2862,2928,2331,950,150,3104,2709,3688,1323,927,1317,2497,1901,1499,2089,315,2676,2866,105,3343,2463,2997,870,3424,3619,2237,2629,3809,656,3212,250,1036,1626,2014,2407,436,2203,1806,1608,815,1008,1005,3364,802,577,3948,991,2565,790,2759,394
2676	3151,2558,1769,476,1964,187,1127,381,183,1394,1562,3724,3723,3325,3323,3322,2862,2928,950,150,3104,2709,3688,1323,927,1317,2497,1901,1899,1504,1501,1499,270,2866,105,3343,2463,2997,870,3823,3424,3619,2436,2237,660,2629,3809,656,3212,451,250,1036,1626,2014,2407,436,1811,2203,1806,1608,315,815,1008,1005,3364,802,577,3948,991,2565,2759,394
2866	3688,1769,436,3343,870,187,381,577,1394,1562,3724,3723,1964,3325,3323,3322,2138,2928,2331,950,3619,150,3104,2709,1127,1323,927,1317,2497,3151,1901,1499,315,2676,3654,105,2862,2463,1264,476,3424,270,2237,2629,3809,656,3212,451,250,1036,1626,2014,2407,2997,2203,1806,1608,815,1008,1005,3364,802,183,3948,991,2565,2759,394
105	3151,2558,1769,476,1964,187,1127,381,183,1394,1562,3724,3723,2138,3325,3323,3322,2866,2928,2331,950,150,3104,2709,3688,1323,927,1317,2497,1901,1504,1501,1499,270,2676,3654,3343,2463,2997,1264,870,3823,3424,3619,2237,660,2629,658,3809,656,3212,451,250,1036,1626,2214,2014,2407,436,2203,2862,1806,1608,315,815,1008,1005,3364,802,577,3948,991,2565,2759,394
3343	3151,2558,1769,476,1964,187,1127,381,183,1394,1562,3724,3723,2138,3325,3323,3322,2866,2928,2331,270,950,150,3104,2709,3688,1323,927,1317,2497,1901,1504,1499,315,2676,3654,105,2862,2463,2997,1264,870,3823,3424,3619,2237,660,2629,658,3809,656,3212,451,250,1036,1626,2214,2014,2407,436,2203,1806,1608,815,1008,3567,1005,3364,802,577,3948,991,2565,2759,394
2463	3151,2558,1769,476,1964,187,1127,381,183,1394,1562,3724,3723,2138,3325,3323,3322,2866,2928,2331,950,150,3104,2709,3688,1323,927,1317,2497,1901,1504,1499,2089,270,2676,3654,105,3343,2997,1264,870,3823,3424,3619,2237,660,2629,658,3809,656,3212,451,250,1036,1626,2214,2014,2407,436,2203,2862,1806,1608,315,815,1008,1005,3364,802,577,3948,991,2565,2759,394
2997	3151,2558,1769,476,1964,187,1127,381,183,1394,1562,3724,3723,2138,3325,3323,3322,2866,2928,2331,950,150,3104,2709,3688,1323,927,1317,2497,1901,1899,1504,1501,1499,2089,270,2676,3654,105,3343,2463,1264,870,3823,3424,3619,2436,2237,660,2629,658,3809,656,3212,451,250,1036,1626,2214,2014,2407,436,2203,2862,1806,1608,315,815,1008,1005,3364,802,577,3948,991,2565,2759,394
1264	3151,2558,1769,1964,187,1127,381,577,1394,3724,3723,2138,3325,3323,3322,2866,2997,2331,950,150,3104,2709,3688,1323,927,1317,2497,1901,1504,1499,315,3654,105,3343,2463,870,3823,3424,3619,2237,660,2629,658,3809,656,451,250,1036,1626,2214,2014,2407,436,2203,2862,1806,1608,1008,3364,3948,991,2565,790,2759,394
870	3688,2558,1769,436,3343,187,381,577,1394,1562,3724,3723,1964,3325,3323,2928,2138,2331,950,3619,3322,150,3104,2709,1127,1323,927,1317,2497,3151,1901,1899,1504,1501,1499,2089,315,2676,3654,105,2862,2463,1264,476,3823,3424,270,2237,660,2629,658,3809,656,3212,451,250,1036,1626,2214,2014,2407,2997,1811,2203,1806,1608,2866,815,1008,1005,3364,802,183,3948,991,2565,2759,394
3823	3151,2558,1769,476,1964,187,1127,381,183,1394,1562,3724,3723,3325,3323,3322,2138,2997,2331,950,150,3104,2709,3688,1323,927,1317,2497,1901,1899,1504,1501,1499,315,2676,3654,105,3343,2463,1264,870,3424,3619,2436,2237,660,2629,658,3809,656,451,250,1036,1626,2214,2014,2407,436,1811,2203,2862,1806,1608,1008,3364,802,577,3948,991,2565,2759,394
3424	3688,1769,436,3343,870,187,381,577,1394,1562,3724,3723,1964,3325,3323,3322,2928,2331,950,3619,150,3104,2709,1127,1323,927,1317,2497,3151,1901,1499,315,2676,2866,105,2862,2463,1264,476,3823,270,2237,660,2629,3809,656,3212,250,1036,1626,2014,2407,2997,2203,1806,1608,815,1008,3567,1005,3364,802,183,3948,991,2565,2759,394
3619	3151,2558,1769,476,1964,187,1127,381,183,1394,1562,3724,3723,2138,3325,3323,3322,2866,2928,2331,950,3811,150,3104,2709,3688,1323,927,1317,2497,1901,1504,1499,315,2676,3654,105,3343,2463,2997,1264,870,3823,3424,270,2237,660,2629,658,3809,656,3212,451,250,1036,1626,2214,2014,2407,436,2203,2862,1806,1608,815,1008,1005,3364,802,577,3948,991,2565,2759,394
2436	2676,2862,2997,2759,2709,2629,2138,2558,3823,2928,3723,2497,660,1504
2237	3151,2558,1769,476,1964,187,1127,381,183,1394,1562,3724,3723,2138,3325,3323,3322,2866,2928,2331,950,150,3104,2709,3688,1323,927,1317,2497,1901,1899,1504,1499,270,2676,3654,105,3343,2463,2997,1264,870,3823,3424,3619,660,2629,658,3809,656,3212,451,250,1036,1626,2214,2014,2407,436,1811,2203,2862,1806,1608,315,815,1008,1005,3364,802,577,3948,991,2565,2759,394
660	183,2558,1769,436,3343,870,187,381,577,1394,3724,3723,1964,3325,3323,3322,2138,2331,950,3688,150,3104,2709,1127,1323,927,1317,2497,3151,1901,1899,1504,1499,315,2676,3654,105,2862,2463,1264,476,3823,3424,3619,2436,2237,2629,658,3809,656,451,250,1036,1626,2214,2014,2407,2997,1811,2203,1806,1608,815,1008,1005,3364,802,3948,991,2565,2759,394
2629	3151,2558,1769,476,1964,187,1127,381,183,1394,1562,3724,3723,2138,3325,3323,3322,2866,2928,2331,270,950,150,3104,2709,3688,1323,927,1317,2497,1901,1504,1501,1499,315,2676,3654,105,3343,2463,2997,1264,870,3823,3424,3619,2436,2237,660,658,3809,656,3212,451,250,1036,1626,2214,2014,2407,436,2203,2862,1806,1608,815,1008,1005,3364,802,577,3948,991,2565,2759,394
658	183,2558,1769,436,3343,870,187,381,577,1394,3724,3723,1964,3325,3323,3322,2138,3515,2331,950,3688,150,3104,2709,1127,1323,927,1317,2497,3151,1901,1504,1499,315,3654,105,2862,2463,1264,3823,2629,3619,2237,660,3811,3809,451,250,1036,1626,2214,2014,2407,2997,2203,1806,1608,1008,3364,3948,991,2565,2759,394
3809	3688,2558,1769,436,3343,870,187,381,577,1394,1562,3724,3723,1964,3325,3323,2928,2138,2331,950,3619,3322,150,3104,2709,1127,1323,927,1317,2497,3151,1901,1504,1499,2089,315,2676,3654,105,2862,2463,1264,476,3823,3424,270,2237,660,2629,658,656,3212,451,250,1036,1626,2214,2014,2407,2997,2203,1806,1608,2866,815,1008,1005,3364,802,183,3948,991,2565,2759,394
656	3688,2558,1769,436,3343,870,187,381,577,1394,1562,3724,3723,1964,3325,3323,2928,2331,950,3619,3322,150,3104,2709,1127,1323,927,1317,2497,3151,1901,1504,1501,1499,2089,315,2676,2866,105,2862,2463,1264,476,3823,3424,270,2237,660,2629,3809,3212,451,250,1036,1626,2014,2407,2997,2203,1806,1608,815,1008,1005,3364,802,183,3948,991,2565,2759,394
3212	3688,2558,1769,436,3343,870,187,381,577,1394,1562,3724,3723,1964,3325,3323,3322,2928,2331,950,3619,150,3104,2709,1127,1323,927,1317,2497,3151,1901,1499,2089,315,2676,2866,105,2862,2463,476,3424,270,2237,2629,3809,656,250,1036,1626,2014,2407,2997,2203,1806,1608,815,1008,1005,3364,802,183,3948,991,2565,2759,394
451	3151,2558,1769,436,3343,870,187,381,577,1394,3724,3723,1964,3325,3323,3322,2138,2331,950,3688,150,3104,2709,1127,1323,927,1317,2497,1901,1899,1504,1499,315,2676,3654,105,2862,2463,1264,476,3823,3619,2237,660,2629,658,3809,656,250,1036,1626,2214,2014,2407,2997,1811,2203,1806,1608,2866,1008,3364,802,3948,991,2565,2759,394
250	3151,2558,1769,577,1964,187,1127,381,183,1394,1562,3724,3723,2138,3325,3323,3322,2866,2928,2331,950,150,3104,2709,3688,1323,927,1317,2497,1901,1504,1499,2089,270,2676,3654,105,3343,2463,2997,1264,870,3823,3424,3619,2237,660,2629,658,3809,656,3212,451,1036,1626,2214,2014,2407,436,2203,2862,1806,1608,315,815,1008,1005,476,3364,802,3948,991,2565,2759,394
1036	3688,2558,1769,436,3343,870,187,381,577,1394,1562,3724,3723,1964,3325,3323,2928,2138,2331,950,3619,3322,150,3104,2709,1127,1323,927,1317,2497,3151,1901,1504,1501,1499,315,2676,3654,105,2862,2463,1264,476,3823,3424,270,2237,660,2629,658,3809,656,3212,451,250,1626,2214,2014,2407,2997,2203,1806,1608,2866,815,1008,1005,3364,802,183,3948,991,2565,2759,394
1626	3151,2558,1769,577,1964,187,1127,381,183,1394,1562,3724,3723,2138,3325,3323,3322,2866,2928,2331,950,150,3104,2709,3688,1323,927,1317,2497,1901,1504,1501,1499,270,2676,3654,105,3343,2463,2997,1264,870,3823,3424,3619,2237,660,2629,658,3809,656,3212,451,250,1036,2214,2014,2407,436,1811,2203,2862,1806,1608,315,815,1008,1005,476,3364,802,3948,991,2565,2759,394
2214	183,2558,1769,436,3343,870,187,381,577,1394,3724,3723,1964,3325,3323,3322,2138,2928,2331,950,3688,150,3104,2709,1127,1323,927,1317,2497,3151,1901,1504,1499,315,3654,105,2862,2463,1264,3823,2629,3619,2237,660,3811,658,3809,451,250,1036,1626,2014,2407,2997,2203,1806,1608,1008,1990,3364,3948,991,2565,2759,394
2014	3688,2558,1769,436,3343,870,187,381,577,1394,1562,3724,3723,1964,3325,3323,2928,2138,2331,950,3619,3322,150,3104,2709,1127,1323,927,1317,2497,3151,1901,1504,1501,1499,2089,315,2676,3654,105,2862,2463,1264,476,3823,3424,270,2237,660,2629,658,3809,656,3212,451,250,1036,1626,2214,2407,2997,2203,1806,1608,2866,815,1008,1005,3364,802,183,3948,991,2565,2759,394
2407	3151,2558,1769,476,1964,187,1127,381,183,1394,1562,3724,3723,2138,3325,3323,3322,2866,2928,2331,950,3811,150,3104,2709,3688,1323,927,1317,2497,1901,1504,1499,2089,270,2676,3654,105,3343,2463,2997,1264,870,3823,3424,3619,2237,660,2629,658,3809,656,3212,451,250,1036,1626,2214,2014,436,2203,2862,1806,1608,315,815,1008,3567,1005,3364,802,577,3948,991,2565,2759,394
436	3688,2558,1769,3343,870,187,381,577,1394,1562,3724,3723,1964,3325,3323,2928,2138,2331,950,3619,3322,150,3104,2709,1127,1323,927,1317,2497,3151,1901,1504,1501,1499,2089,315,2676,3654,105,2862,2463,1264,476,3823,3424,270,2237,660,2629,658,3809,656,3212,451,250,1036,1626,2214,2014,2407,2997,2203,1806,1608,2866,815,1008,1005,3364,802,183,3948,991,2565,790,2759,394
1811	1501,2237,2497,1626,1499,451,870,2676,1899,3823,1562,1608,150,476,991,802,660,1504
2203	3151,2558,1769,476,1964,187,1127,381,183,1394,1562,3724,3723,2138,3325,3323,3322,2866,2928,2331,950,150,3104,2709,3688,1323,927,1317,2497,1901,1504,1501,1499,270,2676,3654,105,3343,2463,2997,1264,870,3823,3424,3619,2237,660,2629,658,3809,656,3212,451,250,1036,1626,2214,2014,2407,436,2862,1806,1608,315,815,1008,1005,3364,802,577,3948,991,2565,2759,394
2862	3151,2558,1769,476,1964,187,1127,381,183,1394,1562,3724,3723,2138,3325,3323,3322,2866,2928,2331,950,150,3104,2709,3688,1323,927,1317,2497,1901,1504,1499,270,2676,3654,105,3343,2463,2997,1264,870,3823,3424,3619,2436,2237,660,2629,658,3809,656,3212,451,250,1036,1626,2214,2014,2407,436,2203,1806,1608,315,815,1008,1005,3364,802,577,3948,991,2565,2759,394
1806	3151,2558,1769,476,1964,187,1127,381,183,1394,1562,3724,3723,2138,3325,3323,3322,2866,2928,2331,950,150,3104,2709,3688,1323,927,1317,2497,1901,1899,1504,1499,2089,270,2676,3654,105,3343,2463,2997,1264,870,3823,3424,3619,2237,660,2629,658,3809,656,3212,451,250,1036,1626,2214,2014,2407,436,2203,2862,1608,315,815,1008,1005,3364,802,577,3948,991,2565,2759,394
1608	3688,2558,1769,436,3343,870,187,381,577,1394,1562,3724,3723,1964,3325,3323,2928,2138,2331,950,3619,3322,150,3104,2709,1127,1323,927,1317,2497,3151,1901,1504,1501,1499,315,2676,3654,105,2862,2463,1264,476,3823,3424,270,2237,660,2629,658,3809,656,3212,451,250,1036,1626,2214,2014,2407,2997,1811,2203,1806,2866,815,1008,1005,3364,802,183,3948,991,2565,2759,394
315	3151,2558,1769,476,1964,187,1127,381,183,1394,1562,3724,3723,2138,3325,3323,3322,2866,2928,2331,950,150,3104,2709,3688,1323,927,1317,2497,1901,1504,1499,270,2676,3654,105,3343,2463,2997,1264,870,3823,3424,3619,2237,660,2629,658,3809,656,3212,451,250,1036,1626,2214,2014,2407,436,2203,2862,1806,1608,815,1008,1005,3364,802,577,3948,991,2565,790,2759,394
815	3688,1769,436,3343,870,187,381,577,1394,1562,3724,3723,1964,3325,3323,3322,2928,3151,950,3619,150,3104,2709,1127,1323,927,1317,2497,1901,1504,1499,315,2676,2866,105,2862,2463,476,3424,270,2237,660,2629,3809,656,3212,250,1036,1626,2014,2407,2997,2203,1806,1608,1008,1005,3364,802,183,3948,991,2565,2759,394
1008	3151,2558,1769,476,1964,187,1127,381,183,1394,1562,3724,3723,2138,3325,3323,3322,2866,2928,2331,950,150,3104,2709,3688,1323,927,1317,2497,1901,1504,1499,2089,270,2676,3654,105,3343,2463,2997,1264,870,3823,3424,3619,2237,660,2629,658,3809,656,3212,451,250,1036,1626,2214,2014,2407,436,2203,2862,1806,1608,315,815,1005,3364,802,577,3948,991,2565,2759,394
3567	3424,3515,3948,3325,3323,3322,3343,401,1499,2407
1005	3151,270,1769,476,1964,187,1127,381,183,1394,1562,3724,3723,3325,3323,3322,2862,2928,2331,950,150,3104,2709,3688,1323,927,1317,2497,1901,1504,1501,1499,2089,315,2676,2866,105,3343,2463,2997,870,3424,3619,2237,660,2629,3809,656,3212,250,1036,1626,2014,2407,436,2203,1806,1608,815,1008,3364,802,577,3948,991,2565,2759,394
3364	3151,2558,1769,476,1964,187,1127,381,183,1562,3724,3723,2138,3325,3323,3322,2866,2928,2331,950,150,3104,2709,3688,1323,927,1317,2497,1901,1504,1501,1499,270,2676,3654,105,3343,2463,2997,1264,870,3823,3424,3619,2237,660,2629,658,3809,656,3212,451,250,1036,1626,2214,2014,2407,436,2203,2862,1806,1608,315,815,1008,1005,1394,802,577,3948,991,2565,2759,394
802	3151,270,1769,476,1964,187,1127,381,183,1394,1562,3724,3723,3325,3323,3322,2862,2928,950,150,3104,2709,3688,1323,927,1317,2497,1901,1899,1504,1499,2089,315,2676,2866,105,3343,2463,2997,870,3823,3424,3619,2237,660,2629,3809,656,3212,451,250,1036,1626,2014,2407,436,1811,2203,1806,1608,815,1008,1005,3364,577,3948,991,2565,2759,394
577	3151,2558,1769,476,1964,187,1127,381,183,1394,1562,3724,3723,2138,3325,3323,3322,2866,2928,2331,950,150,3104,2709,3688,1323,927,1317,2497,1901,1504,1499,2089,270,2676,3654,105,3343,2463,2997,1264,870,3823,3424,3619,2237,660,2629,658,3809,656,3212,451,250,1036,1626,2214,2014,2407,436,2203,2862,1806,1608,315,815,1008,1005,3364,802,3948,991,2565,790,2759,394
3948	3151,2558,1769,476,1964,950,187,1127,381,183,1394,1562,3724,3723,2138,3325,3323,3322,2866,3515,2331,2928,150,3104,2709,3688,1323,927,1317,2497,1901,1504,1501,1499,2089,270,2676,3654,105,3343,2463,2997,1264,870,3823,3424,3619,2237,660,2629,658,3809,656,3212,451,250,1036,1626,2214,2014,2407,436,2203,2862,1806,1608,315,815,1008,3567,1005,3364,802,577,991,2565,2759,394
401	3567
991	3688,2558,1769,436,3343,870,187,381,577,1394,1562,3724,3723,1964,3325,3323,2928,2138,2331,950,3619,3322,150,3104,2709,1127,1323,927,1317,2497,3151,1901,1899,1504,1499,315,2676,3654,105,2862,2463,1264,476,3823,2629,270,2237,660,3811,658,3809,656,3212,451,250,3424,1036,1626,2214,2014,2407,2997,1811,2203,1806,1608,2866,815,1008,1005,3364,802,183,3948,2565,2759,394
2565	3151,2558,1769,476,1964,187,1127,381,183,1394,1562,3724,3723,2138,3325,3323,3322,2866,2928,2331,950,150,3104,2709,3688,1323,927,1317,2497,1901,1504,1499,270,2676,3654,105,3343,2463,2997,1264,870,3823,3424,3619,2237,660,2629,658,3809,656,3212,451,250,1036,1626,2214,2014,2407,436,2203,2862,1806,1608,315,815,1008,1005,3364,802,3948,991,577,2759,394
790	436,3723,270,315,381,1264,577,476
2759	3688,2558,1769,436,3343,870,187,381,577,1394,1562,3724,3723,1964,3325,3323,2928,2138,2331,950,3619,3322,150,3104,2709,1127,1323,927,1317,2497,3151,1901,1504,1499,2089,315,2676,3654,105,2862,2463,1264,476,3823,3424,270,2436,2237,660,2629,658,3809,656,3212,451,250,1036,1626,2214,2014,2407,2997,2203,1806,1608,2866,815,1008,1005,3364,802,183,3948,991,2565,394
394	3688,2558,1769,436,3343,870,187,381,577,1394,1562,3724,3723,1964,3325,3323,2928,2138,2331,950,3619,3322,150,3104,2709,1127,1323,927,1317,2497,3151,1901,1504,1501,1499,315,2676,3654,105,2862,2463,1264,476,3823,3424,270,2237,660,2629,658,3809,656,3212,451,250,1036,1626,2214,2014,2407,2997,2203,1806,1608,2866,815,1008,1005,3364,802,183,3948,991,2565,2759
