1501	0	679
1005	679	671
950	1350	673
1608	2023	986
3654	3009	619
3567	3628	593
2565	4221	643
1769	4864	657
1036	5521	619
3724	6140	611
1499	6751	681
1964	7432	579
3322	8011	571
660	8582	922
2759	9504	635
451	10139	531
870	10670	595
790	11265	687
2709	11952	903
3723	12855	595
815	13450	515
1394	13965	587
3515	14552	507
270	15059	641
1899	15700	563
3424	16263	831
1626	17094	603
2214	17697	617
381	18314	671
802	18985	617
2203	19602	855
1323	20457	641
2407	21098	855
3104	21953	595
1504	22548	663
2928	23211	603
2997	23814	834
991	24648	675
3364	25323	611
3948	25934	994
2089	26928	828
436	27756	914
401	28670	507
3151	29177	657
577	29834	687
656	30521	743
394	31264	515
1901	31779	930
2331	32709	585
3811	33294	659
1990	33953	759
1806	34712	643
3212	35355	523
2866	35878	711
2014	36589	759
3823	37348	930
658	38278	507
2558	38785	571
1264	39356	978
183	40334	769
2629	41103	679
1811	41782	491
2862	42273	796
2436	43069	679
2676	43748	571
3325	44319	603
2463	44922	571
105	45493	681
927	46174	611
3619	46785	679
3809	47464	571
2138	48035	791
315	48826	571
2497	49397	665
3323	50062	531
1127	50593	643
187	51236	625
1317	51861	539
150	52400	726
3688	53126	1026
3343	54152	663
1008	54815	635
476	55450	571
1562	56021	759
2237	56780	643
250	57423	695
